Frequency [Hz],S11_Amp_Mean,S11_Amp_Err,S11_Phase_Mean,S11_Phase_Err,S21_Amp_Mean,S21_Amp_Err,S21_Phase_Mean,S21_Phase_Err
2540000000.0,0.9897768910785376,0.002285612616385499,-156.30639606786227,0.16717756692057456,0.0016020854414039783,0.0002441422547653889,34.52940236437031,177.14837826060688
2540125000.0,0.98172509737565,0.0013535163896075903,-156.36829880462358,0.13878523036801751,0.0016511988793917179,0.00020089275168262466,-70.19581939112487,170.17638595984604
2540250000.0,0.9873245556103403,0.0022810059367387556,-156.20893182841482,0.09882841404036331,0.001729014547755953,0.00024392390366840768,0.35299298141457597,185.32708311457688
2540375000.0,0.9952699337201244,0.002155130151487456,-156.1682883901261,0.14518582220653958,0.0016012655838843317,0.00026783097047310345,137.13394538274625,110.5337676166623
2540500000.0,0.9957615256337276,0.0026779641523814496,-156.47704575166398,0.12451300312870128,0.0017433264857532834,0.0002613221480087004,0.6489396603863838,185.81482465817712
2540625000.0,0.9936680677531509,0.002218105327145953,-156.65499664995053,0.1291527314115697,0.0018118187234511926,0.00015376574433865513,-36.556733523563985,179.01683795923896
2540750000.0,0.9989437651631787,0.002309826949513526,-157.1978188503936,0.15700870339664033,0.0015605832994914207,0.0002771799138807234,-66.18974266094148,166.38043475835408
2540875000.0,0.9870723548987073,0.0020920563236845454,-155.62229814645133,0.17409971138747796,0.0016871428280865698,0.00012489732945677757,0.15104692593189667,184.39949287769778
2541000000.0,0.9992360860527152,0.0016498445949629176,-156.4194054816235,0.08678950048870314,0.0016462220543021623,0.00021607440205248323,141.15045242927343,111.00996940904722
2541125000.0,0.9877513900775652,0.0016818773975822278,-156.60387655242303,0.052845300002760234,0.0016486836744710632,0.0002557100193463337,-0.05895511456691338,184.11344177763687
2541250000.0,1.0036437575501416,0.002727989478428833,-156.6077323051734,0.1238558754681374,0.001694637771773229,0.0002394459948102424,37.988717095803494,176.55568342290476
2541375000.0,0.9816688097954355,0.0020432821646827553,-157.18686338022073,0.10999923012373511,0.0017073085048933717,0.0002454364060259138,-68.55395006806948,166.83142537464494
2541500000.0,0.9911185398732885,0.001887649238312667,-156.88594251129174,0.1363947115523853,0.0016501946768584534,0.00016019219534460174,4.134627646002949,182.96787871814942
2541625000.0,0.9957393600653619,0.0018891168991430744,-156.4241573613561,0.12729759142565125,0.001772289477522166,0.00025344037206044984,0.7386024266027021,183.5853223906498
2541750000.0,0.9887954261845746,0.0017329894450020047,-156.9566449559632,0.13523450121049005,0.0017800790577448653,0.00022352192512648208,-103.1350883924772,146.4402220791805
2541875000.0,0.9926625765980753,0.0016130773514631052,-156.6415676234151,0.1409259821645397,0.0019785251967076845,0.0002579102886281622,-34.584808311792884,180.55113858812874
2542000000.0,0.9861083366790184,0.0026066619379595335,-157.1540797752475,0.15437948237822746,0.0015972613429593664,0.00020859291858061027,-105.13901558353896,147.60246980957047
2542125000.0,1.0038687336477339,0.003515556184813886,-157.6444524328466,0.13669348405227566,0.001706604830615254,0.00020972964716002817,-104.10903317337186,141.22098162282356
2542250000.0,0.9799651069371303,0.00199116305233872,-156.84303624285639,0.10247042625144144,0.0017560332230103929,0.00019241049740939764,-68.38488358391315,167.62986457119158
2542375000.0,0.9896418141153199,0.0021204049674033915,-157.4832703299986,0.0966840585729687,0.0017234718171190793,0.0002013397257062451,-102.95631220492575,145.63513881574656
2542500000.0,1.0012452120980546,0.0027329794046170443,-156.4378308331245,0.09930816036493299,0.0018027781566391649,0.00015479995820883563,-67.35945198588155,167.49946435516856
2542625000.0,0.9886761847364388,0.002340574771950799,-157.74694708769863,0.09310763970766318,0.0015839232372566075,0.00024159944826475998,-33.26591371678926,176.74017728206525
2542750000.0,0.9901816684554384,0.0019205812256959402,-157.38315545744047,0.1247531454937446,0.0016537640534993808,0.00032962854501996476,-100.13833247640845,145.35233197365952
2542875000.0,0.9931285447928906,0.0029652061713499457,-157.4478938034686,0.16683233108228032,0.0018774572057519666,0.00015751686360408824,-66.5176410760955,168.16678075927837
2543000000.0,0.9846769552962562,0.0014362993471859127,-158.19062671985924,0.16093558831215615,0.0017274168907900754,0.0001920350694755184,-104.17595794189764,146.95997139191198
2543125000.0,0.9868283828220952,0.0025986289222515004,-157.3629167247241,0.11223728045736539,0.0017533743944705405,0.0002458229871044242,-66.68739412018566,167.13560850780786
2543250000.0,0.9984999411044176,0.0014141058004194932,-157.63628927568786,0.06040147152916056,0.001620619000470484,0.00017350534995537185,-69.25139729405221,166.64510535354032
2543375000.0,1.004393426026073,0.0022103811491302194,-157.40070945517957,0.13453799532974878,0.001613401740564955,0.00024533858218735253,-100.53636881259831,145.6093049252918
2543500000.0,0.9901871490639598,0.0012864412854259974,-157.76103405848158,0.12098087378348646,0.001671069771892962,0.00017404224682199276,-35.09461587544895,178.88213423954733
2543625000.0,0.9940675138220408,0.002958810031332542,-157.98601971158587,0.12688559370872418,0.0017081148903309606,0.0002970945243369371,2.481484867428537,183.48543543790674
2543750000.0,0.9932229233010806,0.0010448961509040894,-157.55198675428628,0.08056402961115945,0.0015684531589447318,0.00018070671620166914,-66.23324709544389,164.69195182410618
2543875000.0,1.0000869639705028,0.0018995533874053424,-157.95806566526613,0.10388358946361229,0.0017169411258057582,0.0001383137163412319,-63.498954582091216,166.00982755207465
2544000000.0,0.979985531994169,0.002668331763309754,-157.86384008890943,0.14593917228341605,0.001671578129089714,0.00013097855450678342,-166.1498646640582,8.124393329984619
2544125000.0,0.9886488080868435,0.001925469941862307,-157.9681645802985,0.1425015438435106,0.0017135486117010193,0.0003283276815737388,-98.98919491374865,144.65303396944108
2544250000.0,0.9992661403615203,0.0018153001460180604,-158.48232353384245,0.17620617165887134,0.0016765953144902204,0.00014152299102291075,-32.38753511728405,178.55910608058494
2544375000.0,0.988877284353601,0.0014395094463131404,-158.02591215619736,0.11903058444203388,0.0015885879251617125,0.0002570172463983645,-100.11576417236756,145.33334908508695
2544500000.0,1.0007594516355396,0.0019239610188002223,-158.27758932318451,0.2019457430446538,0.001594800889248584,0.0001945091564505682,-30.35640041414167,179.05468440554534
2544625000.0,0.9883214356966993,0.00140608691021942,-157.83389447349538,0.18165726171778637,0.0015145198580361439,0.0002565107711086352,-133.24251781757204,108.90573256153722
2544750000.0,0.9858519920749489,0.0016441250994069653,-158.03138659066212,0.11598917235009301,0.0016240971535362973,0.00015621992255717486,-68.64999245942343,169.41800529931976
2544875000.0,0.9971903746677043,0.0026811330543216267,-158.2336205345857,0.17917596916760428,0.0016999323326399405,0.00024126484351379732,-65.7556401058233,166.41602314063405
2545000000.0,0.986266836397743,0.0024717100183350303,-158.26915906258463,0.1223461168019718,0.001691997291784858,0.00020113336732143904,-102.88461440062198,142.5997962399343
2545125000.0,1.001633049622654,0.0026774937133586365,-158.04399282704247,0.09556516045567966,0.001568769057541506,0.00024270315803015925,-171.95956279376972,5.588147305972022
2545250000.0,0.995745253222319,0.0025896825556841066,-158.54676602783007,0.10076365036628608,0.001626740926003649,0.00012696617189655705,-137.3505271792842,105.23598764832605
2545375000.0,0.9975554735538241,0.0020307223615504614,-158.23744249527414,0.10345834999741028,0.0015867375551529184,0.00019147792160259763,-137.13378778166833,111.24280261328016
2545500000.0,1.0005211465364707,0.0021665108005235047,-158.11371026725934,0.14124209257007325,0.0015045056283548644,0.00017668317724855713,-0.30411227272885527,182.25475310518277
2545625000.0,0.9906844632612952,0.0021161630341718024,-158.88970766314682,0.12711779823181252,0.0015186400289806965,0.00021745468011722446,-68.97604037093863,168.9216484234416
2545750000.0,0.9950188045528696,0.0017132045147397663,-157.8886621714735,0.18076705240032917,0.0015077306246519717,0.00017883078504822117,-34.99204568240948,179.7770150080726
2545875000.0,0.9911654379492743,0.0019781668164289504,-158.2838900434101,0.14955535127920871,0.0016420916478664168,0.00018381933558092413,-138.4651905124434,108.04145580567551
2546000000.0,0.9949019863536335,0.0016321267003132464,-157.87151038825792,0.10031267533046143,0.0016142436541180876,0.00033832073432124945,-131.76470091549766,109.82322085906677
2546125000.0,0.9897431987879816,0.0019358893505187482,-158.27573801243037,0.09115641802879436,0.0014455099275702613,0.0003340241049913662,-64.61710686580855,164.86342432093784
2546250000.0,0.9866402410688536,0.002152954163602816,-158.70802389494565,0.11441133067495443,0.0014411903653656366,0.0001850083685449261,-136.72285831579802,107.76238549941182
2546375000.0,0.9975502838278764,0.0018547173692135385,-158.10524466679738,0.15606130669857476,0.0015858646211721868,0.0002159820313246359,-31.95156099920395,176.5739161668447
2546500000.0,0.9946122294535832,0.0015496560568320527,-158.89564939340846,0.15081385405292536,0.0014654266527046635,0.0001303229696112472,-99.63195931182709,147.19842597762892
2546625000.0,1.0098102420942123,0.002010594577057615,-158.42321384442516,0.10203151591258187,0.0015630154649233763,0.00014089808829841592,-30.18801015674401,176.97690631287398
2546750000.0,0.9946642691158799,0.0016271426880681628,-158.68275759055493,0.09560942911460199,0.0014979592174091552,0.00023838772223299442,-136.54953467832513,110.27117318741614
2546875000.0,0.9857951759194582,0.0027222765095508594,-158.39812249045622,0.14891459408637464,0.001546589771847745,0.00017024792114193196,-135.98180662303682,108.04663216135859
2547000000.0,1.0011067255641057,0.002490828241738273,-158.45086552551265,0.16521764637464426,0.0013979608897105923,0.00018897434590163658,35.17352034748283,179.26701357510888
2547125000.0,0.9815139476809773,0.0021457054090096837,-158.44109141289428,0.12195678334502498,0.0014644107293788574,0.00020602850741219207,-104.0866852249874,146.58739005742896
2547250000.0,0.9966440039536021,0.002062086020868022,-159.09212786324744,0.07683611074452834,0.001530616591442472,0.0002728579335557025,-100.9514735594735,143.8062542211414
2547375000.0,0.983741712411193,0.0025609326254654578,-158.35956778403406,0.08283794268437648,0.0013944020586990303,0.0001388265320051934,-103.79862465663602,146.75357341348823
2547500000.0,0.9949624153829745,0.0022520588620567857,-158.70067917984363,0.1223459494632842,0.001568550476289164,0.0002549515837940748,-32.60903975052006,177.54907760312437
2547625000.0,0.9995514319611123,0.0025441172526371714,-158.47319691609573,0.12541728813505978,0.0014436863366824677,0.00029368251563319226,-68.8964918055102,167.39784578768777
2547750000.0,0.9972753447471033,0.0011797202317256315,-158.8118806749544,0.11760354408146774,0.0013664807811225928,0.0002600604122664017,-68.33208843579249,163.99672314673353
2547875000.0,0.9910124765495198,0.0023552780130345606,-158.84086050876718,0.06902561932646045,0.0014702113957539482,0.00031085205200945894,-33.774825327385784,178.5347864369782
2548000000.0,0.993293396780892,0.00157711542568038,-159.06751434273696,0.14321428919700194,0.0013612440428619134,0.00019319373029872655,-68.29088270401023,166.4205727728547
2548125000.0,0.9973635382926324,0.002760037258580113,-158.58747935834808,0.10127608688434951,0.0015499394305796953,0.00018087305628813348,35.00885360557017,181.641284652315
2548250000.0,0.9979631491287176,0.0022689140426779097,-158.60963960438602,0.14073823891749165,0.001353520592367584,0.00027151593377983726,-2.840636111234855,178.66516400616297
2548375000.0,0.984574851684891,0.002983792122281509,-158.89455831272636,0.13866285882273852,0.0013788127219249693,0.00018513661096382976,-135.65694905184057,110.32277607034813
2548500000.0,0.9895540012394289,0.0027213243243991315,-158.52152361970414,0.0929760835780894,0.0014192716483574237,0.0002527708819112653,-3.7533222026334356,178.5948852351599
2548625000.0,0.9876162874859272,0.0016430245899225497,-159.19921852632228,0.11313702541400336,0.0015600017036331638,0.00038164326340983125,0.6718849303672044,182.43425656722
2548750000.0,0.9972800972794625,0.0027026786962233164,-158.5065408836413,0.11997952610898396,0.001498938371634994,0.00017081499635085673,-69.44561597063534,168.96340218145468
2548875000.0,0.9857797658088061,0.0021445179610677942,-159.67102678595487,0.09918901831176154,0.001476358246239909,0.00020763968534329895,138.37051152711533,109.84466194683297
2549000000.0,0.9770169415942447,0.0021970045149338627,-159.15138436804406,0.13938721022320094,0.0014666433746901852,0.0002044497208340357,1.4905657865616804,181.71520186311278
2549125000.0,0.9970942790285386,0.0021327915605328456,-159.4887900687696,0.10285893926607703,0.001452604953694109,0.000198081067709205,68.83485325763992,169.0398890624469
2549250000.0,0.997320565882464,0.0023625181276772816,-158.8861936001298,0.1592659742337454,0.0015085817137260624,0.00030079043784894997,36.53552969207402,180.52804129052112
2549375000.0,0.9914163845042548,0.0015015228638103522,-159.27338347788975,0.11747809970151782,0.0013541644922208092,0.0002654582598356258,68.42709404716842,164.99769789777304
2549500000.0,0.9836299135216497,0.0019494313772341005,-159.18696568128166,0.1081960986726138,0.0014803759594863206,0.0002248695934707542,-3.544906933060787,182.83268787809536
2549625000.0,0.9894518144006252,0.0022430196457962734,-159.24942656437483,0.11987392635958083,0.0014856198300781094,0.00035698824980715557,-1.6756847792902279,184.12619545634678
2549750000.0,0.9874479659128699,0.003574503826884189,-159.98020881535453,0.1365182641600718,0.0014774019299110394,0.00023919916484082786,68.92900718693804,164.50582746872806
2549875000.0,0.9829789612928344,0.001847300609931582,-159.30781962363292,0.13441453917361987,0.0014561718829552558,0.00023018444256959136,66.85124485949542,168.96646874316016
2550000000.0,0.9885063422422256,0.0030228947109926254,-159.66705353172108,0.136204886524066,0.00156456988207151,0.00021183860676122473,99.01462176789568,144.62529845114727
2550125000.0,0.9827761086982304,0.0010916962825928836,-159.93069370067852,0.17768959072444118,0.001511430259324935,0.00029695749282728927,65.90588029371573,165.61501621954656
2550250000.0,0.9918908928866367,0.0012381631208447112,-160.26423947542375,0.07770065286608335,0.0014782568264294718,0.00018321459689765677,65.27983139558185,166.87287243293605
2550375000.0,0.9855075262948989,0.0021389768328772796,-160.06484671055057,0.135956739284696,0.0013782521612719593,0.0002470206891884095,64.00602820641207,163.8167485851588
2550500000.0,0.9953087169556766,0.002138889097573669,-159.58377217896194,0.22401241125515206,0.0015855101514733933,0.0001664550208308782,101.54526070088963,144.72516373756642
2550625000.0,0.9770578127657861,0.0021185549726145895,-159.5742083431539,0.11581059774211137,0.0014900325878700244,0.00022803074306273482,96.59757233242544,144.45788746351894
2550750000.0,0.9909770374509842,0.0025670058680512743,-160.15254870952936,0.1477318909828141,0.0015533841631497156,0.0002204244494781361,129.58062743419907,108.07474617209206
2550875000.0,0.9916017848289408,0.0014227508621060048,-159.80357235590427,0.10678690183355463,0.0015206737795989717,0.0001714020699804608,170.1600185610066,8.011664401773615
2551000000.0,0.9839695687151722,0.0018653605164159932,-160.86588193941716,0.14783997688287695,0.001434036037605602,0.00026593605288771215,167.72877339206158,5.508875576199629
2551125000.0,0.9858375663246456,0.0019862136748607356,-160.06344730775314,0.13470657965120253,0.001502793933216386,0.0001931104649929468,132.50377909812863,106.47758624067879
2551250000.0,0.9921066584271847,0.002012565909854491,-159.86430647720405,0.10739089917533827,0.00162737946862207,0.00018934409645054214,102.36711091158398,145.6490076209778
2551375000.0,0.986899374522869,0.0024713446182836473,-160.31665345454803,0.10113800019283158,0.0015702064337713628,0.00027473553756796873,135.3602075156818,108.9871154191982
2551500000.0,0.9868890970793713,0.0009105790265319496,-159.957465907545,0.15170777711061603,0.001570629714061639,0.00026401012818791803,167.25463910396002,6.283208422200473
2551625000.0,0.986726494355373,0.001743492942709494,-160.87805019718596,0.1141732024236181,0.0015472435747825165,0.00017191190222947983,132.57639807157133,109.25622250308123
2551750000.0,0.9813533564333552,0.0023106652103234105,-160.1734094118516,0.13072326268517076,0.0015650491507986101,0.00028514035354553803,132.04370271365258,109.10082994119503
2551875000.0,0.9751915485518293,0.002070863788739408,-160.90440830114278,0.12651680587217093,0.001725782064994299,0.0002400594155027919,134.23218039355194,106.51343485298722
2552000000.0,0.9880488251386729,0.00311481517795971,-160.4196416754008,0.07956229299141653,0.0016215995134904759,0.000178230141157667,163.72206985549664,5.178251372118464
2552125000.0,0.9888085877105207,0.0026962693871081665,-160.48065323008058,0.11403882737857193,0.001717208973371905,0.0002840053821164051,131.58744293831379,109.61120575859991
2552250000.0,0.9894270470132109,0.0014017689394646908,-161.33095622175767,0.14642190966402166,0.0015315807784435829,0.0004093147437903071,95.36165940570288,143.56814421924162
2552375000.0,0.9842241597942667,0.0032645662823015263,-160.82641233378655,0.14888301878650526,0.0016065934266753519,0.00011970168882019184,164.75273437151287,5.270416656980088
2552500000.0,0.9853378701536213,0.0018551734799339228,-160.6800720137519,0.17313647640612256,0.0016697745968015428,0.00012496375383451593,130.82325873545236,108.4640826470614
2552625000.0,0.9944599346293653,0.002222122608256012,-160.7701478692313,0.12368836663546033,0.0016554691474961972,0.00019400347351890434,130.86104132862323,107.74839017298528
2552750000.0,0.9784914132158451,0.0024515918831233934,-161.08989521796312,0.1008318673423106,0.0017566872268724486,0.00027506667680005065,169.13328875193332,6.235788184368485
2552875000.0,0.9789983434288733,0.001468970909129413,-160.43461960846835,0.10636977936712683,0.001742398081538739,0.0002662161715854859,163.82167953715313,7.871515069826457
2553000000.0,0.9800598091682313,0.0026155273424038014,-161.37871700175396,0.1311110520783176,0.0017791128752185736,0.0003152060520621652,98.26914243028018,144.3396534649323
2553125000.0,0.9856631296503259,0.0019836414059874836,-161.15277917506336,0.12724814001333534,0.0019291260511893381,0.00021247332396131152,98.89217892018657,146.53481946282966
2553250000.0,0.9813442698179454,0.0026020082311926295,-160.3200543188069,0.15830814940122567,0.0019804030021510484,0.0002579454427195582,132.28731108946704,106.46792365912836
2553375000.0,0.9782048221786366,0.001910224515548815,-161.90827492640025,0.1200331562468497,0.0018285420301202284,0.00018405978569977982,167.3371861133972,6.0645351788197095
2553500000.0,0.9968437212698197,0.0027159712239604654,-161.8366949697721,0.08675984210843496,0.0019265577204250716,0.0002653172114534094,165.77815999709466,5.605413536630819
2553625000.0,0.9704607409665766,0.0020926728544900606,-160.65306978923195,0.1970665360897342,0.0017873216304142838,0.0002442545935040604,167.08915963891806,9.102670707338559
2553750000.0,0.9882757321983349,0.0020818552133959733,-161.61642805756242,0.11172130495284394,0.0018556516347678397,0.00018558394397495372,170.5319151620151,6.382521664958841
2553875000.0,0.9755943407589203,0.002920647720415858,-162.1740107144418,0.1233931962662837,0.0017754973992383039,0.000274298329592426,168.20524648837792,10.391251049190053
2554000000.0,0.9879356598476405,0.0021112472575654986,-161.74427638284726,0.2063248069903586,0.0017090393982138188,0.00020539438254519365,167.40401336112424,7.343056951341794
2554125000.0,0.9866564693060068,0.0023606253975839092,-161.62704483475676,0.0746868597354422,0.0019593320255478644,0.0002041783382885351,169.58720811337474,6.357751868510834
2554250000.0,0.9837291564964404,0.0020166175279752955,-161.53429196931117,0.14310066890326642,0.0019191091383921552,0.00019139665788859208,132.28496611742327,107.21302531808303
2554375000.0,0.9925579341623909,0.002090459275722187,-161.4584436402024,0.11212547713779218,0.0019334282741501065,0.00016614575599791938,170.13012804792234,5.993894937162983
2554500000.0,0.984992200095125,0.002755611645610396,-161.42419019800698,0.1321956654574915,0.0019364179403059214,0.00022104717138525447,133.45448242815166,107.93285515733818
2554625000.0,0.9981309319230086,0.003135579627785763,-161.30133140905102,0.1591745807962267,0.0019336605288314801,0.0003293480892710983,132.766481745043,109.58389292562057
2554750000.0,1.0011477655545238,0.002625465782516727,-161.2414027510096,0.13254470421501346,0.00196929603793003,0.00019430702650387354,168.5333119076078,6.846288706766738
2554875000.0,0.9915144836823357,0.0019776106617758206,-161.7579884653511,0.09383069432324435,0.002066863839545454,0.00019954800256666075,170.2885022544334,6.422661814794912
2555000000.0,0.9867665355578566,0.0022502884329402184,-162.31174996643404,0.11351509814108741,0.0021159529498801267,0.00036033812344168226,134.21116466507965,110.2606956797114
2555125000.0,1.0001910577629753,0.003720467789626727,-162.1505920884364,0.16070551186776136,0.0019567234100602193,0.00025383536212467226,169.2549240155987,5.3441246325126
2555250000.0,1.0036195515480457,0.0021468110513967733,-161.6354880176308,0.1492833404346317,0.002068563751550655,0.00027032519824539625,170.81585994529837,4.964344774133663
2555375000.0,0.9925622576007729,0.0032359093631541998,-162.18514256485008,0.09720678854788647,0.0019992161496322786,0.00019915666838145755,165.511737549876,7.725574238556915
2555500000.0,0.9993865779762994,0.002243043225450944,-162.12771190335167,0.14554680573104076,0.0019817076608315332,0.00020833615487841396,134.94567659245254,109.50501786451585
2555625000.0,0.9954500743283485,0.001247101084607298,-161.80479073177642,0.10796458536068075,0.0018975448818949942,0.00021062491756625732,134.87532833781523,109.3382960808176
2555750000.0,0.9984666176373561,0.001738565006402259,-162.07910859229756,0.13850093065904118,0.0020741546139471344,0.00017697311673830777,166.72971946536916,6.881097945537496
2555875000.0,0.995423200315228,0.0020976470339793764,-161.97858145507212,0.127141087458349,0.0018909248316674313,0.00019651065271896276,104.9867811062705,146.85021054442421
2556000000.0,0.9955814270412837,0.0018414077830098935,-162.57882132354712,0.16592158099722684,0.002197231783604045,0.0002903996606652958,169.38345263623978,6.03741049767239
2556125000.0,0.9908676222486791,0.002673718869505049,-162.11704218049616,0.11961403576149428,0.00198916159994592,0.00022149787928036556,169.18880832010183,6.418907942448363
2556250000.0,1.0049094614745262,0.003076910245556326,-161.92627366013176,0.11976363160483358,0.0019772703304383084,0.00025415657223853267,172.00997276675025,5.326294868641843
2556375000.0,0.9988020169548933,0.0026354237835279925,-162.54961843116246,0.13376601272444555,0.0021083371215517128,0.00018947429492968172,100.34860561037631,145.3652284926435
2556500000.0,0.9920804578282751,0.0017476749554712,-162.31674538191226,0.13557631011935387,0.002131440975833602,0.0002896137136263809,136.83521586940012,111.36232508453499
2556625000.0,0.9981376277680859,0.0022643617493858467,-161.72003431362967,0.10406478362196782,0.0021801474927465683,0.0002595958355631339,136.89514763383906,110.99320320484684
2556750000.0,0.9962597031413235,0.0016014538716240649,-162.59701341620888,0.102710684491581,0.00201795826389191,0.0001697290023742095,136.24021905744604,110.45489408344825
2556875000.0,0.9956853587054787,0.002848295748160042,-162.63368840025976,0.0964335618331743,0.0021478311140529526,0.0002067088155006507,100.81149540077112,146.33839630270185
2557000000.0,0.9883698675375162,0.0014625108645582275,-162.1569303989549,0.09759874533808204,0.00214435497891445,0.0003175329681039768,134.98432333871835,110.06679504358206
2557125000.0,0.9977108775051036,0.0026616831293478876,-162.5039425368572,0.12235811387945238,0.0020460342671500603,0.00015224320733661482,138.14928699585184,109.14590580033031
2557250000.0,1.001470529976251,0.0019045381592348541,-162.175371172528,0.16107118577495902,0.0021829675064072127,0.00025980921788275313,136.72050661438857,110.25797955196168
2557375000.0,0.997768797906264,0.001394625763816037,-162.59411953912584,0.14035609639902744,0.0020064643153063794,0.00033324261825472176,100.5123834660288,146.5442472014126
2557500000.0,1.0008170803939993,0.001717792653935622,-162.66465313940483,0.11615138947477303,0.0022095375451881612,0.00020200903248539622,31.899723256376966,178.99055072159902
2557625000.0,0.9918051563825065,0.0017762191163886647,-163.04823825256358,0.0788046917425027,0.002137933017887947,0.00020993851612489056,173.57673413709688,3.452492933125043
2557750000.0,0.98652464329486,0.002328127470490089,-161.96521169229783,0.11664698530965802,0.002049966494037003,0.00028559957816269403,137.67001664718654,111.18974156015987
2557875000.0,0.9921674946166118,0.002348477207073541,-162.75346847679504,0.12887044496339684,0.0020737610818606493,0.000311212261740686,67.45105013862144,167.3843243651453
2558000000.0,0.9890146658699416,0.0017583769320983669,-162.99940265222665,0.07617934258062842,0.0020670643401359224,0.0002520844091949916,134.22225765338715,110.4106015788338
2558125000.0,1.0010989108862516,0.001770497479548109,-162.54168696120635,0.10247931803802719,0.002003297503032148,0.00025772143366444174,101.27531872856112,146.40963921344024
2558250000.0,1.00211208574907,0.0014658587453708907,-162.48105289984355,0.10044249469781824,0.002089901194602879,0.000264358004790314,103.21317747653565,148.91307108906716
2558375000.0,0.9946488891332477,0.0017265811141344161,-162.4328880895825,0.13060168052566848,0.002110067977787872,0.00012036216842782885,101.53144604164893,145.77344766115746
2558500000.0,0.9850195235553423,0.002275945136783445,-162.73059522242013,0.08798968132862307,0.0021229483710833766,0.00017170613399918866,68.992993176417,169.71790435243125
2558625000.0,0.9925330625962198,0.002331010364579711,-162.44261898422874,0.08770276433958135,0.002251584117750438,0.00016267085566671528,-37.070861734533146,180.41741640841582
2558750000.0,0.9985057224129362,0.0028084971760834066,-162.49627145330928,0.11145508996136169,0.002228387344276958,0.0002720384830542411,32.50169223931367,180.30388432396342
2558875000.0,1.0016286030011274,0.0024346405961074434,-162.6381553016881,0.06032401936120445,0.002187838060479173,0.0002992430396729777,67.22449492823661,166.74071217321097
2559000000.0,0.9848503629640097,0.003095837400389131,-162.83442330946113,0.11082120257275307,0.002265255104658455,0.00027038686544869996,173.29585335379795,3.4996925110412382
2559125000.0,0.9846412585540828,0.0013356834739384625,-162.77720206203338,0.14490020996134118,0.002239712339602906,0.0002038356260597965,33.78625608623607,181.7292764463458
2559250000.0,0.9811473537196763,0.0012528064950018468,-162.90622724611322,0.08260650503608788,0.0020217644554969246,0.0002259003715540696,66.64351003296096,167.64523628073593
2559375000.0,0.9908957728024174,0.0025503578671188048,-163.3202102881211,0.13301891327972828,0.002053445232432541,0.00024076015531896504,138.11589638777542,111.82794553641247
2559500000.0,0.9850803502045317,0.0020342830399142564,-163.27077644849535,0.12268652159391422,0.002165483953837905,0.00027006200042122876,67.07150061433123,168.1793252362836
2559625000.0,0.9837467664172336,0.0024914606447390916,-163.48039050603958,0.10190805918134895,0.002112148314379868,0.0001620349810283595,67.8125974121878,168.92374331102923
2559750000.0,0.9776010885695633,0.002576349977945337,-163.71094435177275,0.12340293561033268,0.001986825555510253,0.00026261330698923045,33.09517582355382,181.24596879388756
2559875000.0,0.9772452306067191,0.0018931596068386483,-163.3067288033513,0.16814220910415928,0.002018403694898402,0.0002651436863899362,103.26630027784546,146.8733866181225
2560000000.0,0.9816592501314633,0.0018208181002294162,-163.16830870628553,0.1480908139230907,0.0021359999298204355,0.0001907841318549473,-0.5848509969112229,184.81025921396642
2560125000.0,0.9831329989937653,0.0017506518365824812,-163.471177963963,0.10611699005843861,0.0021400579925100866,0.000215635868383842,-2.6657574369050367,183.60931754204375
2560250000.0,0.9854717493088684,0.002391827422822421,-163.64158141284602,0.07125169233546814,0.002233384540299018,0.0001958363904202583,102.23316690881389,147.4009917788488
2560375000.0,0.9772204257542649,0.00359233689348499,-163.33987501402117,0.09729354491119677,0.0020787970966714983,0.0002078228334454769,67.29405464720627,167.1399343295175
2560500000.0,0.9823379005606877,0.0026005709334105654,-163.7156908669968,0.1036874632180486,0.002145097435034833,0.00016667187349928234,137.2563827609736,110.84055006522885
2560625000.0,0.9806364164814554,0.002255149485798536,-163.2183599856827,0.13399862610134894,0.002252391055782393,0.00026990977396009613,102.78013065594946,147.5419136735827
2560750000.0,0.977081994659109,0.0021214662421440086,-164.02632027624335,0.09820277877451837,0.0020364157002113687,0.000263233220132738,0.4501202449864337,183.6860761459496
2560875000.0,0.9718744916753391,0.002242209918717667,-163.80089252694768,0.10727556310039994,0.0021613343653873692,0.00024324320112338469,32.641138093521846,178.41528965773097
2561000000.0,0.9676322799450713,0.0017981894396055988,-164.17222108920373,0.1177639978514557,0.002158335249699992,0.0002370379191365387,68.46990442197365,167.52710357712803
2561125000.0,0.9756323783578592,0.001548855062860669,-164.39342198627074,0.1103734088771601,0.0021376892531536507,0.00030921927914463667,139.48058745633068,111.69402557705786
2561250000.0,0.9774022130160493,0.0013196804238799961,-164.5559344000756,0.16834127452968897,0.0021633457308657626,0.0002852153014402368,68.87650581581552,169.51721061927438
2561375000.0,0.9772862325324497,0.0011894167180129828,-164.32589585554675,0.14046424113299671,0.002190389939692697,0.00020661335135544988,102.96888725859976,145.70053693104208
2561500000.0,0.9758787110336155,0.0018286696927954577,-164.52127157468226,0.07743981046727418,0.002255863093279402,0.00021196403558496364,68.23388925279552,169.55548952798262
2561625000.0,0.979222654368244,0.002910550837440158,-164.48716663571048,0.10650313887611615,0.002323024991773047,0.0002906139446634724,69.29867140965496,168.34701680032242
2561750000.0,0.9812804950453347,0.0030771966738096625,-164.4232793012468,0.1280126708681976,0.0021259961978553937,0.0002050912219969228,31.795174248098924,181.1179284078039
2561875000.0,0.9746668020759692,0.0030353997379372892,-165.05302628150105,0.13971809750950584,0.0022190708498787083,0.00013263143099019804,138.35776714309603,111.85343069580799
2562000000.0,0.9894870579791756,0.00209952540363735,-165.63376870214674,0.08190593922953206,0.002290184984361745,0.00025220365655992085,101.46185010776941,147.4958739808087
2562125000.0,0.9659144902612528,0.0014776537724175106,-165.24494892614257,0.09975568972240166,0.002137319951421423,0.00015521307377422354,102.56852920837854,147.58208468472665
2562250000.0,0.9671137374181763,0.0019067540094177193,-165.68182118468027,0.11634231517475467,0.0020661931945593396,0.00022552425432542292,31.24761575851974,179.68056901879257
2562375000.0,0.9757075284012031,0.0025775153563933704,-165.27282600210822,0.07327238314375316,0.0023395723670057546,0.00026393659078768965,135.85195881056504,110.18684560899503
2562500000.0,0.9831244186550401,0.002212328371797846,-165.59729230575158,0.17912970513677648,0.0022168024860889555,0.0002798531073382013,171.97714234035715,7.466851604879759
2562625000.0,0.9688884344476734,0.0035473325684894415,-165.2186508268475,0.10897128456203549,0.0021913342232334153,0.0002987546538915132,171.17206101744833,8.975691986041875
2562750000.0,0.9696049524721705,0.001628010072294052,-166.02058520046992,0.13118747587135854,0.0019947687627146662,0.00029541924441731814,170.68983370050756,5.05705110247254
2562875000.0,0.9704733673724049,0.0016457442734371854,-165.2492826716606,0.13835445666386564,0.0021788253877597853,0.00031897513267692,33.976458949484424,180.04308105580807
2563000000.0,0.9724972479090542,0.0023005550881646454,-165.86430113260374,0.11796832391282744,0.0022582616938225135,0.00016834425339152105,32.73108392494823,180.2549752046561
2563125000.0,0.9825324563291193,0.0019462059544332923,-165.98485029523877,0.09687631121003967,0.0021899957436813684,0.0002127482028407617,136.6537680334635,110.35296002356948
2563250000.0,0.9742623307415296,0.001896345117783031,-165.75035569904293,0.1293515420201907,0.002083041267221244,0.000227149833577212,102.21950042869364,148.47326264789217
2563375000.0,0.9785816962489159,0.0018644165607447506,-165.8245277603475,0.12243805084507853,0.0024044896168344946,0.0003192541665445738,173.33534112617153,6.16354254107291
2563500000.0,0.9854642872938547,0.0019000425978073173,-166.06774934938804,0.11196877698434228,0.0022801535864479376,0.00023237072364377522,172.2506359422812,4.468420227170685
2563625000.0,0.9789620253003258,0.0017086305655447066,-165.9665577667311,0.10885527031436243,0.002191681057089112,0.00019838740890530231,171.66517967606038,5.494649882426291
2563750000.0,0.9649088520534765,0.002365782307086961,-166.91278379019587,0.13064618393722177,0.0022394152057977207,0.00028211232020132157,103.65613443637316,149.00047089801055
2563875000.0,0.9830231021346602,0.002577046266312957,-166.7014576565156,0.17566004887539566,0.002377630757629894,0.00023604933987898892,170.33494238028922,5.8747855387887125
2564000000.0,0.9860114466974286,0.0033584497489563127,-166.98322498730525,0.17140432685582838,0.002343501200539733,0.0002076765876808319,101.65138161343724,147.31047947692633
2564125000.0,0.988183272386515,0.0017967303085475418,-166.51026150376978,0.14579127850589735,0.0024121399543264995,0.00016833630919874644,173.00140459020568,5.174570965477058
2564250000.0,0.9793975767533011,0.002341324389819379,-166.5651113690331,0.13697805389670492,0.0022481678216476927,0.0003019193067211534,132.28998060188795,109.48959540262267
2564375000.0,0.9789752075008007,0.001607069328999512,-167.10518244442008,0.08729461233724174,0.002334604556281791,0.00019996731467550094,169.70608687078564,4.85863437801562
2564500000.0,0.9736557242889317,0.0025740144640299433,-167.28583830825443,0.08159932723549414,0.002454731671152236,0.00025899126751639627,168.3071157888092,4.592054232404257
2564625000.0,0.9703080516320536,0.0018839684205964459,-167.01852233052506,0.13213856783454803,0.002455489458298262,0.0003138078581919243,172.29141425652287,4.198902474211544
2564750000.0,0.9747170405640802,0.002831801434606965,-166.91082545450354,0.11287354894479758,0.0024108987104068573,0.00021037022294567134,171.10873852144513,4.336662903350266
2564875000.0,0.9861829245801617,0.003299383867350615,-166.92762281253943,0.09103670183900316,0.0024689553653307176,0.0002619603221072348,102.3845684033728,147.60912766683734
2565000000.0,0.9718546356554207,0.002351960971533757,-167.06857537906382,0.18111911080314733,0.002433332586245086,0.00018739884850608375,173.2801418123413,3.3899594278407914
2565125000.0,0.983889423234169,0.002380317761551916,-167.6783214730387,0.1260494739387605,0.002601550832719033,0.00022004537796832166,170.81655078276393,4.366533284088919
2565250000.0,0.986224396725886,0.002225147943810883,-167.62204780558852,0.11323292103516527,0.002761864760127652,0.00016003005656155012,171.23802600324808,6.511807635980179
2565375000.0,0.9794280749674379,0.0013629955066355587,-167.84246856251474,0.19364594469733543,0.0024245459007137737,0.00017131185457598444,168.97839415580816,3.4707261625907875
2565500000.0,0.9894743025887074,0.0023997177512203294,-167.74495528148935,0.10800787530204004,0.002735636186448811,0.00019632128877113497,171.3710904336571,6.347103901951498
2565625000.0,0.9955206389921323,0.0017807862648017733,-168.12864500092738,0.06580547996415548,0.0025962388473573894,0.00019038025729624014,167.0523302961236,5.819569340733981
2565750000.0,0.9812322238604267,0.002486569286072691,-167.82282381816626,0.14083652749917167,0.0025973421318428547,0.00018393991882050442,135.2451088061055,110.16733807285024
2565875000.0,0.9820298080321431,0.0026994123424583984,-167.97064602857435,0.11923869588646499,0.002763532213571599,0.000323320774903622,170.41177029427084,2.536778207415378
2566000000.0,0.9867195328927013,0.0021272822907558737,-168.5158165865804,0.1345079094070937,0.0026871932090558577,0.0002300825119621731,171.38132764819463,3.807394127360858
2566125000.0,0.9870213924150861,0.002889895719894012,-168.416336662662,0.1967008972545433,0.0028050056451182502,0.00025649576800254516,170.11176723400462,2.800648865347113
2566250000.0,0.9849612597164918,0.0013246026389613216,-168.06284582100903,0.17828315984328863,0.00280050583976715,0.0001270513678783629,169.77569391347848,4.504706660028622
2566375000.0,0.9906838700511919,0.0024987137880061383,-167.91648052236556,0.1454613331465778,0.0028374791205500213,0.00014079288405853375,170.1369013528789,3.8678852488847166
2566500000.0,0.9857064762890028,0.001770452294096165,-168.50563972764982,0.1489053492577284,0.002891150625566114,0.00028788747356071513,135.88775234445305,110.3459285704779
2566625000.0,0.9973074789929701,0.0023714841091918696,-168.4905562698382,0.04665526784858503,0.003051477079490202,0.00030461854228834513,169.4731790804869,3.1586625971426785
2566750000.0,0.9959023039219034,0.0010724418876805794,-169.02668479715942,0.14994563058410423,0.002831698623971767,0.00015097590890669475,172.7670300167984,4.315012567681113
2566875000.0,1.000266019805034,0.0019909117129759965,-168.8634421667309,0.10662067964378007,0.003077179924441585,0.00012318591182640574,168.8920275532755,2.285594495848711
2567000000.0,0.9943883577322722,0.0014867180567965576,-168.44861240684443,0.13017377450043816,0.0030405204359007496,0.0003178753895090068,172.44313198900153,3.0416195496394005
2567125000.0,0.9892203350105937,0.001016677707926686,-169.24104848005106,0.1464948644366492,0.003187176639570578,0.00011054521225277104,167.74683781751483,3.915030133971551
2567250000.0,0.9842706451629846,0.0015610192581112926,-169.60503661641945,0.14771881521070374,0.003160082840688765,0.0002339815340810706,168.41160622053064,3.661712784886118
2567375000.0,0.9947753895480766,0.0023299813232664827,-169.08694801746205,0.15022236838506797,0.0033207953250406013,0.00021716508539107576,167.7582961302987,4.61811025897431
2567500000.0,0.9929144220934581,0.002521529093166657,-169.61539676716356,0.10382145835340743,0.0033210774165775793,0.00020008469432186766,170.10563733859377,2.9539106311926697
2567625000.0,0.9930102548655797,0.002523487481625296,-169.39801158206257,0.10771913985923207,0.0033937958128343318,0.0001638040843251694,135.68639987386481,110.5284319906292
2567750000.0,0.9983952367017708,0.0017459910346203423,-170.31889148213295,0.1180069806334947,0.003516149177726292,0.000179288758564706,169.01901913111894,3.3825457786311093
2567875000.0,0.9814162855960885,0.0017440026950334751,-169.78774722932744,0.122119254157334,0.0034334990684409617,0.00028779788164148606,168.53784650186378,3.5349613730321843
2568000000.0,0.9908595624708046,0.0018338318600017954,-169.96088868665552,0.12021285459001564,0.003614446458230301,0.00018809904811457995,168.76205337383377,4.228182494561092
2568125000.0,0.9820569468072268,0.00271736253960796,-169.66741469960488,0.09715882200787404,0.0034659953086472613,0.00018487411477010105,169.89895393088582,3.329399986090217
2568250000.0,0.9828709973613977,0.0021294794017262396,-170.8809775221859,0.14848838821055668,0.0038694028627307667,0.00022779353944533848,169.2971005704742,2.244311071914405
2568375000.0,0.9814089344784712,0.0023498395504132873,-171.1782887084945,0.10977098396074028,0.0038939984900983253,0.00019644281832458788,165.61489607631972,3.5449190648313302
2568500000.0,0.9939657544204107,0.0036956178875167706,-171.0501391950355,0.09527568765644545,0.004000581075736652,0.00017432992425544486,170.01045892968204,2.898337321824398
2568625000.0,0.9747247298231331,0.0013760528302196235,-170.86610607359907,0.10320434533881309,0.0039802377438832885,0.0002277440509572606,168.06403243961677,1.984759253410846
2568750000.0,0.9805340710797752,0.0022730595153244576,-171.46870281772996,0.12331783819255104,0.004275801993134566,0.00021323126813930636,166.71909863743215,3.1392994273108488
2568875000.0,0.9861593641103542,0.002194162160103373,-171.9992047986179,0.10515522494296055,0.004454079868340247,0.00021938026581722167,167.8895443643813,2.292001916768277
2569000000.0,0.9848975605946401,0.0017542793700292692,-172.28281826835277,0.1217559119734999,0.004589242228707257,0.00019079253473891383,167.16162696654087,2.1370745219889447
2569125000.0,0.9868019795357514,0.0021369793917384522,-172.69794325556262,0.10255807514582028,0.004780904105859208,0.0001849667310363698,167.3403618796847,3.248239317377263
2569250000.0,0.9819884700464945,0.002154873357159152,-173.34112829123748,0.15924843188347632,0.004905186259342404,0.00029406911772102004,166.68591635069893,2.185635330167547
2569375000.0,0.9686794103435528,0.0019524400431190324,-173.7315449922272,0.15283281104123034,0.005226322171750105,0.00023320706336000887,165.6400892630047,3.4752365706964903
2569500000.0,0.9689911517857888,0.0021902193788543947,-174.490959305412,0.10153581113674619,0.0057280824706355555,0.00032556788206493023,166.54452816741653,2.0588618900711797
2569625000.0,0.9708430825680797,0.0021193617385468233,-175.5891923591347,0.11331238839801086,0.005972694056872813,0.0002767632975539184,164.29094760592898,1.9729767802916842
2569750000.0,0.9615830932180028,0.0027400427845366095,-177.01880820755582,0.14211693462274944,0.0064391420613834445,0.00027560593768422205,162.53178349290786,2.6748533038427444
2569875000.0,0.9564700496181332,0.0018688704689792124,-178.30392895804744,0.09456798625694432,0.006870681493046865,0.00019778242795554914,162.32819109449323,2.2505012241748155
2570000000.0,0.9469904338884592,0.002374480520283201,179.5867458732422,0.11842172534789215,0.008107142929933779,0.00021514118161468894,159.66395887662557,1.2730670951035779
2570125000.0,0.9312080309306798,0.0029347331309667506,176.76676379643476,0.15546006555426148,0.009432691552588126,0.0002509209759684296,155.0459128006078,1.895510906860119
2570250000.0,0.8857313205628519,0.002827580366918574,172.51522692549958,0.18529120605452354,0.011189203195939036,0.0002711569601816548,150.26797167810795,1.1360054421722683
2570375000.0,0.8085532177539244,0.003749812761712016,164.62600018456538,0.2535822540348834,0.013894769875138232,0.00018445023944519263,139.3192265960287,0.6430069975616122
2570500000.0,0.6018018734158088,0.006258608735535045,155.2765631047116,0.3036479956687071,0.01751807325588305,0.00011851341703159915,122.50990565144109,0.8110216120974922
2570625000.0,0.2366119182810886,0.005530517200637976,176.12383318233103,2.453251530968292,0.02030904272227758,0.00020554932012014534,91.84120189132132,1.2983423592380665
2570750000.0,0.5087973700213385,0.007866267253279635,-126.68502765023688,0.2568115451236225,0.01699155136324883,0.0003378699315714123,57.45443209458218,0.7952368761973829
2570875000.0,0.7825009135481731,0.0028947682066119778,-138.68445941772677,0.28427582599155843,0.011251077179777746,0.00019642524086969132,35.32491363618811,1.0346959334782468
2571000000.0,0.878387852937896,0.002182939541931318,-147.44273523283726,0.13804292045365013,0.007537707363547797,0.00029765040263064166,23.712318133355815,2.1547032208113857
2571125000.0,0.9057311112651429,0.0029995534763675373,-151.05075908619736,0.1655268886003764,0.005409516074305071,0.0002097874179749141,19.537267533729583,2.435993444723255
2571250000.0,0.9426814152676006,0.002043181415739365,-154.02000282766517,0.14533537333278138,0.003957810731345951,0.0002199784625838629,14.669400321955994,3.3407315390049415
2571375000.0,0.944351638974018,0.0012919972150110953,-155.8508897535694,0.14688527795050071,0.0029911690458448077,0.00017410972903228832,14.804285555643995,3.9019947410928397
2571500000.0,0.954264788509043,0.003285399484864004,-157.69787495945,0.1279151138283107,0.002316669032140608,0.0002578163779909746,9.634906526673667,5.743565558037854
2571625000.0,0.9595296537890298,0.0034737795194507925,-159.6554009154595,0.12083104655361439,0.0017140962749497284,0.00019693655652666624,15.907151321265518,7.896256892311797
2571750000.0,0.9613561256590225,0.00136085453288765,-161.01820785792228,0.18090950261598562,0.0010934478152656714,0.00021302717993737714,14.207218485551856,18.875705821242388
2571875000.0,0.9582609631896354,0.002787028516932454,-161.975563039254,0.18222556096103276,0.0010122165251851526,0.0002282843918458801,2.284194159634365,15.053059598924168
2572000000.0,0.9666177872881714,0.002219840883037512,-162.4689427509895,0.04975637412500557,0.0006878168528056471,0.0002557559375515491,11.630488801426317,19.32161549495187
2572125000.0,0.9628861025103271,0.0014785134056722305,-163.18194708421146,0.11501815819004906,0.00037922044807674605,0.00017366361342482527,-1.4057275565522058,59.32691281304612
2572250000.0,0.9619554277960835,0.0028043298610474295,-163.29561899612864,0.1295395019154483,0.00038700362476083337,0.0001912559997204739,28.74881732620003,103.07533817540045
2572375000.0,0.9786683914642229,0.002130028272515315,-163.8730736865753,0.14877397726879102,0.0002624616101704823,0.0001472535915112973,31.863836212361967,116.78429764774705
2572500000.0,0.96121975391194,0.002605639721170492,-163.9015172956731,0.1568648461175238,0.0004178556739557384,0.0002258071944004017,14.647362466302567,148.2493574260403
2572625000.0,0.9764512822501598,0.002705729227834629,-164.69340496923132,0.06661406981526363,0.00045799240387456205,0.0001319515193984557,10.176401509775362,155.89892127866497
2572750000.0,0.9646725588554812,0.0028369825694991545,-165.44171479162085,0.16333973436383598,0.0005233178471214504,0.0001875869232952509,18.41886683386688,157.49259698759894
2572875000.0,0.9711537838616386,0.0021718127319467575,-165.57294610870645,0.09971784199469265,0.0004567815687122636,0.00023185446666627057,-55.11454397033262,150.72781844554808
2573000000.0,0.9710300339541114,0.0029722764811470474,-165.87970056142623,0.15491762238762022,0.0006640972239520685,0.0002441179751020283,-45.818201266319015,164.3806415487192
2573125000.0,0.9623336394881032,0.0024258629284862935,-166.16164856549963,0.14077067551574987,0.0007640504958782233,0.00022151316761603667,31.44800999279878,170.4376062499365
2573250000.0,0.9724577686056309,0.0029071705383323437,-167.13399743873939,0.11344350891976149,0.0008283549694610308,0.00020696081432521553,70.21025147347594,155.04927836764574
2573375000.0,0.9810852351154469,0.0020531961257566943,-166.9352733389896,0.07698213537701393,0.0009247852735173701,0.00029208898638716403,32.00905706645394,168.60239524286317
2573500000.0,0.9674918648130066,0.002135687562019329,-167.11958435304953,0.10875167413247044,0.0009615773397895018,0.0001753806017719851,1.3345601113408292,173.3350390706106
2573625000.0,0.9734622388292302,0.0026235890712503506,-166.89959573012322,0.13838353168752773,0.0010450553298937703,0.0002889898748141021,64.66401989969225,165.37078535654828
2573750000.0,0.9686977161357607,0.002565155778410709,-167.2830458637576,0.16150217560940058,0.0010922546192474727,0.0002307981505199412,34.5836932915124,173.02045877072757
2573875000.0,0.9791966559556537,0.00280890339496195,-167.73922228953987,0.11831643341630411,0.001159517371142668,0.00015025011487541364,29.42864228455995,171.16779563486458
2574000000.0,0.9830468416101463,0.0021662382616417443,-167.85640933058914,0.14659050723307224,0.0011856103104741927,0.0002002249167419288,34.40511990317838,176.50222292698635
2574125000.0,0.9719105214112316,0.003460102026336383,-168.32683730140656,0.12450398527930331,0.0013445077205263925,0.00020625637425987693,100.5729867525699,147.17057026118889
2574250000.0,0.967277173922334,0.0019188789118256004,-167.82681291591612,0.07584861571742806,0.0012901656953903736,0.0001313736615328219,33.80816959046462,179.14115183542705
2574375000.0,0.9638220337057608,0.001810176041875107,-168.25301679811133,0.18056568542555756,0.0013824246384543648,0.0001820313499036108,33.939589878076674,178.73702664500078
2574500000.0,0.9758589514618038,0.001633800597437853,-168.426031595474,0.1486171365642636,0.001373346254936615,0.00014525431356379354,69.28881365858511,166.02543478044214
2574625000.0,0.9984873565625533,0.0023020035870363986,-169.26337547792193,0.14032683779188196,0.0013570471544077365,0.0002016743552674488,101.61240781914911,145.15715160627448
2574750000.0,0.975068719724713,0.0017632005582370466,-168.8058094495838,0.13126538541108412,0.0013660860551715395,0.00016783828345122713,30.981011885850414,178.54139514875834
2574875000.0,0.9755721113144996,0.002658468390581902,-169.14168359281842,0.16290332037668112,0.0014108568054652499,0.0002985129713142555,65.6591472728693,167.09365549284817
2575000000.0,0.9807654694482695,0.0015242069426803023,-169.1301336268575,0.08170316865961626,0.0015743450946578683,0.00012881309245742708,-70.5499520927301,169.37880901330766
2575125000.0,0.9732005682347539,0.0015698509873997056,-169.4316045895672,0.1040535265744154,0.0014780135384580247,0.00022461504954144162,65.42662546112521,163.40389074380005
2575250000.0,0.9919286889461637,0.0017173513421404934,-168.89518370713006,0.14621543349258015,0.0015942008688153869,0.00023848182110333376,-0.8568466888469743,184.0121411235411
2575375000.0,0.9794386322085437,0.0010615314187766905,-169.4384049596677,0.13808650184359111,0.001457167077119152,0.0002773487046563788,68.47375596629674,167.25280375691327
2575500000.0,0.9860147841084088,0.0023287389933952262,-169.93252154516892,0.14819677789579128,0.0015130296775984087,0.00028579257026287137,-2.3782794797644042,181.87830890142993
2575625000.0,0.9844219829944298,0.0031836342738592077,-169.54943208908568,0.13218421206433045,0.0016403691800166652,0.0002882675655577022,135.29953809669854,108.83758250288206
2575750000.0,0.985012801601649,0.0020920385155100067,-168.89487684573126,0.1528294380097011,0.0016180428883158246,0.00025769443607258526,-74.47272186195927,164.44687300872857
2575875000.0,0.9790530460522961,0.0016841074483059367,-169.50921671616663,0.10442350333484066,0.0016214377997766953,0.00013326857747929035,67.97007115382613,167.76563987198594
2576000000.0,0.9787510987035963,0.001286107875920683,-169.73654169700956,0.09358054163421256,0.001835207221144937,0.00023587656061076293,-2.8088330609576815,183.3111882690102
2576125000.0,0.9948914987346346,0.0015474900881758996,-169.9626223144955,0.17543428119889454,0.0015303024119614425,0.00025660212110884125,171.93735667423482,6.205732158751366
2576250000.0,0.9907473186842092,0.001640763521416821,-170.1024681655519,0.18394292803101495,0.0017798383469360152,0.0003174944802684796,35.785746652294016,179.22103968694918
2576375000.0,0.9780141971525106,0.0024321703693861384,-170.60009767897915,0.1293155647649454,0.0016885600700920146,0.00018148336330777015,33.93961435401566,178.2581113983154
2576500000.0,0.9924358482562234,0.002028966317216603,-171.09235874866175,0.10248849823077831,0.0017736908585805446,0.00016219033994695288,66.93833879141238,168.6694996765226
2576625000.0,0.9872170753184125,0.0019630670518661322,-170.74964000801242,0.12522966416110745,0.0015829960223379682,0.00021910477361900492,100.45891115540391,144.0424013885066
2576750000.0,0.9892709932291475,0.0028122629197647984,-170.1365319834866,0.05643738182071042,0.0017406350985300694,0.00020428411090506933,101.9566301781421,147.13439707714778
2576875000.0,0.9881263022330209,0.002415968173565252,-171.3145957650504,0.11197781199441484,0.001925086853821723,0.0003271155752242295,101.70462408670623,145.70432133608878
2577000000.0,0.9855885762874163,0.0022636757786601916,-170.72288434974612,0.1806222514263374,0.0018432584442128438,0.0002503259739278221,100.94147747776867,146.00598093563278
2577125000.0,0.9910970671636711,0.0023886024692645357,-171.2886455419175,0.09667956153072464,0.001901048438297617,0.0002035265238958419,100.33939481594984,145.9245254315171
2577250000.0,0.9796072046486554,0.002932469106950744,-171.3661455336183,0.15245365438171865,0.0018539902455670335,0.0002138770317063755,169.0447662204104,8.936855420847403
2577375000.0,0.9836158181887483,0.0026577020527496567,-170.71146281531549,0.11473783946787908,0.002008705165282838,0.0003999358901738599,104.72957324334975,147.53608041042907
2577500000.0,0.9915665203310531,0.0024811122526898406,-171.1286597999316,0.09815879818614828,0.0020037208810673116,0.0002694911497120815,101.60331256404585,147.19301138074508
2577625000.0,0.9856658066794218,0.0020910953438255746,-171.14417715866603,0.11280793212404544,0.0019700853286760997,0.0002425391127885489,135.59060279214773,110.56089918441135
2577750000.0,0.9958140146459706,0.0020105916662109882,-171.85970132390642,0.13053041368255852,0.0019329805807494537,0.00015238791064422954,170.46849703434498,5.308125557999337
2577875000.0,0.9894745266839813,0.001278046322051644,-170.73871329515603,0.13901292321481815,0.002007634921133178,0.00022646719266226312,-1.7497679173574028,183.02179482249656
2578000000.0,0.9913432717636733,0.002278126885780324,-171.8870264395706,0.1201948029697406,0.001967315901608155,0.00018013818689753078,169.18453266114636,8.043967006220903
2578125000.0,0.9903135985905133,0.0020887150820987697,-171.24149554535913,0.11581072996157726,0.0020491243101308414,0.00017354336737301592,137.9085748381717,107.01567624970225
2578250000.0,0.9877773986534949,0.0013240302260518033,-171.00877552592024,0.09905379121587109,0.0019239373024248535,0.00020074934480762618,64.82150252305742,167.62052243036987
2578375000.0,1.0053344139815508,0.001970882316502684,-171.66928470471726,0.11788531970896439,0.0021415699980541453,0.00033239552887437174,65.50033523630799,166.4732655638117
2578500000.0,0.982273428951168,0.0017115314584179042,-171.2432985807548,0.10044294829050303,0.002081586635216863,0.0003074478100300459,133.71622348903045,108.62922937921805
2578625000.0,0.9922615406279215,0.002476286667823413,-171.41672020967297,0.14326848128718833,0.002009028447506937,0.00021630653620844596,102.78266310775568,146.19800128812972
2578750000.0,0.9969751979583173,0.001338146746708158,-171.61715085585368,0.15132338121086308,0.002065896904482803,0.00033487408773230686,101.12242565200502,146.3352054774684
2578875000.0,0.989938019566291,0.002175175351107502,-171.74395982485277,0.13876834888807119,0.0019351885018472454,0.00024892081181423787,133.481546513218,110.31386293889096
2579000000.0,0.9923986382281362,0.002133817000120399,-172.32833602985374,0.12740437033386917,0.002119857499222041,0.00018587616801330335,133.93015205819805,110.3347119206905
2579125000.0,0.9880873222306388,0.0018466941832671585,-172.46717927035573,0.08756363173113225,0.0020918990869366974,0.00012561586014677912,135.68707425838042,110.43970572821262
2579250000.0,0.9885489976576044,0.00296856256186895,-171.9536241245955,0.1747694884371364,0.002299830720550402,0.00020009131520864397,170.92986296363298,5.96532900942345
2579375000.0,0.9985278089159462,0.002496651446507901,-171.97049486142834,0.1428353174625445,0.002207983344912977,0.0002897763211081364,135.8845978430478,110.38833569701701
2579500000.0,0.9901367361198,0.0023304027529623844,-171.22937467602046,0.14862263624555191,0.002330126285798758,0.0001939609533199885,172.47963835965336,4.205876771327985
2579625000.0,0.9935816653030398,0.002620157423830596,-172.61304924356452,0.15129016762692618,0.002348089819666454,0.00014557857807487865,167.45668749143584,4.537854127838221
2579750000.0,0.9845224479381639,0.002477160411971509,-172.00020144776772,0.1212588064651881,0.0023368998885805957,0.00027380243379722196,165.942595967152,5.533335026941301
2579875000.0,0.9863153079253524,0.001975278371758046,-172.46815400597893,0.10881960381553059,0.002245851205165547,0.0002771802813015235,130.56295459664946,108.11598654077841
2580000000.0,0.9929786523206235,0.0022581883730015727,-172.2040473966621,0.11025537767511644,0.0023308183261992466,0.00024527415643954255,168.81048715073308,4.132656911575991
2580125000.0,0.9883810355452488,0.002682413048641231,-172.29792205824944,0.1425231425993621,0.0023920829741773354,0.0002942897089319347,134.33800464445022,110.5515363761191
2580250000.0,0.983085565942041,0.0026364805621413787,-172.12952569234096,0.08462877813991551,0.0023497340586116446,0.0002375750215218961,169.6416240957309,4.557127226818324
2580375000.0,0.9921687287930465,0.0017846925926511786,-172.65853646234422,0.1399460050034465,0.002251727099226464,0.0002285586321389713,130.88198488198532,107.77914853111793
2580500000.0,0.9949603386718179,0.0015994352963854914,-172.66398287394645,0.16841793630246732,0.0025997909953500483,0.0003043228327407163,166.99273791014397,7.29756783278693
2580625000.0,0.9917883914166588,0.0020891040022387396,-172.30016487089316,0.16097097858103024,0.002355041576870983,0.0002809681586598244,130.26507646914004,109.01772453476782
2580750000.0,0.9765907503557757,0.0022909097942436173,-173.02253286829261,0.14176501081248086,0.002526316523856253,0.0001655079652991989,168.5171912674599,4.5329591172708765
2580875000.0,0.9961737974432654,0.002731987671361417,-172.45784095874916,0.1792253671033537,0.002617815367371932,0.000305677678574688,167.06131990025992,4.339879302752716
2581000000.0,0.9868230475325083,0.0029600041604437815,-173.15567233518303,0.20083703827402474,0.002662059675338974,0.0002112751829761952,130.52473041141155,108.6682216358704
2581125000.0,0.9708274142909005,0.003875464239692858,-173.381890761794,0.1328139154455675,0.002375854965169597,0.00023782066065393515,165.92809955875748,7.2369385132378765
2581250000.0,0.9827713835146951,0.0024022549593555307,-172.17414781026278,0.15216786077854255,0.002721503844617295,0.0002766719016160922,163.94465530367964,5.787590907353286
2581375000.0,0.9814150276980658,0.00218072629114992,-173.96606114755662,0.1556661911516917,0.0025429095604017574,0.00014956117326285625,164.1877791339847,4.638132845237313
2581500000.0,0.9862200717576071,0.002420624990573964,-173.17102598693023,0.18827602840653399,0.002481697393581091,0.00017894432172370537,165.35790881830928,3.9756646236250233
2581625000.0,0.977626209171734,0.0018019580358999002,-174.0819120645654,0.11955660762545717,0.0027803659517739157,0.00026973696910363455,164.42608757273885,5.991920335501534
2581750000.0,0.985603911118441,0.002665901317422952,-173.28946331992756,0.11765830469640338,0.0027663076299960106,0.00015914264510977208,167.74294392362654,5.608717055571645
2581875000.0,0.9804546114956572,0.0026756894325719147,-173.84773752850694,0.1416285540892973,0.0028729335274624017,0.0002696532159603451,162.26911241551394,6.210703126597483
2582000000.0,0.9880057586936803,0.0018144207703329144,-173.5636255628892,0.12105806044363186,0.002804881911641537,0.00017892641546018369,163.08848409562356,4.5774927298267825
2582125000.0,0.9909444114913011,0.0015933034406136082,-173.98751469945248,0.10040452106038154,0.002816746894195803,0.00016599508647045742,164.546130252476,4.204937204204619
2582250000.0,0.9726754632109319,0.002300706911719535,-174.26595175366137,0.126258911757188,0.003027871573841514,0.000201956921982156,162.37138810485442,5.62129817702901
2582375000.0,0.9610540533105334,0.0015032099139418342,-174.20128424881486,0.11124594715431528,0.0029343688559531887,0.00023549131067808523,165.04922927704874,3.180350630814365
2582500000.0,0.9795371061856897,0.0026551594235030137,-174.44472508588962,0.1063779994390284,0.0028593903186009384,0.0001520928779039387,163.41682212546974,4.561143044418367
2582625000.0,0.9769354182162994,0.003132395575682215,-175.33899471400036,0.1528268514293245,0.0030299244922831195,0.00022519483690518162,161.3665340211978,5.2597891441386295
2582750000.0,0.9753957522559188,0.0024444536984911656,-174.24663407209144,0.1691073854729008,0.003263644892974983,0.0003850199224271028,161.07718806464828,4.686551175936187
2582875000.0,0.9758540483136582,0.002449895005013434,-174.3704559184025,0.12705518575747177,0.003204411501303085,0.0001992752521648357,161.79795215611486,4.628867485035564
2583000000.0,0.9840863440763988,0.002680438841547325,-175.44468386912257,0.23426111573243202,0.003218397603971767,0.00029059972146389443,159.85920171542008,3.521353087408995
2583125000.0,0.9757861293617389,0.0014861181744533426,-175.59629515479966,0.1447432732111499,0.003284293347876933,0.00014361730866842745,165.59536455571018,1.866644983809581
2583250000.0,0.9842247377836997,0.0022865802502249517,-175.39618933717028,0.09340051070043166,0.003331357101412692,0.00032133781340494755,161.4900020639904,5.956288011517734
2583375000.0,0.969188421201292,0.0026628947504788443,-175.22939484200208,0.08844773771859651,0.0033518440440823464,0.0002565660275977953,160.47856655404965,4.496896146103049
2583500000.0,0.9901290484750609,0.0020572102828917776,-175.63447784994074,0.10344490172234283,0.0034655133990541855,0.00023351521620496707,160.32764363904244,4.821293899342787
2583625000.0,0.9787720018579227,0.0021252864740223783,-175.63973989075768,0.10028689838398816,0.0036292642080585358,0.00022798474916672522,161.39623877988686,4.7579657148133805
2583750000.0,0.9820170651926369,0.0009876763759129742,-175.30592733655914,0.15900620653371136,0.0036026910244858486,0.00029379331563315106,160.64968954055257,5.618271038572062
2583875000.0,0.9777045637384825,0.0030685000178433514,-176.0541050004766,0.1378209568406567,0.0037109065769245263,0.0002644331298678293,158.67072472652654,2.6071367017110614
2584000000.0,0.9775728790425072,0.0027461426160112286,-176.40226668816786,0.14877696512889688,0.003920789575031779,0.00022915026707548286,161.95163428379806,3.04937312426526
2584125000.0,0.9805370363390934,0.002097425426302582,-176.5608272581298,0.08121562412857951,0.0039015351687260395,0.0001816117861289218,159.46942800264264,3.9852516627119674
2584250000.0,0.9844830560804743,0.002281194097242509,-176.20858037324678,0.12095795813681863,0.004035494545509281,0.00013461936351509288,159.98159444294944,3.8753001293661304
2584375000.0,0.9855889043235571,0.0025992297366918375,-175.9024781270005,0.10421644632663268,0.00435668618725631,0.0002492255834273608,159.7420427520595,3.5892389389398036
2584500000.0,0.9827643448690104,0.0028572561416116108,-176.6121104173448,0.1281134834477306,0.004339458938840723,0.0003371341118556783,156.7872261989496,3.959702414945972
2584625000.0,0.9815418813626166,0.0023752201645758945,-177.13159962840982,0.084635602893346,0.004395630609278433,0.00030887473363053354,159.03381402039528,3.4406574311885785
2584750000.0,0.9818645024571329,0.002440415773860941,-177.08596152256644,0.1281741584725225,0.004430864138567505,0.0002966029295074143,158.59472764626707,3.5038672968473112
2584875000.0,0.9805573740003625,0.0028136341471784202,-176.9327118758335,0.1325214740065769,0.004647444663091683,0.0002904957873639879,159.92800545912976,3.018638928046294
2585000000.0,0.9884778578633916,0.002318607074023696,-176.95409362026027,0.11133437094045592,0.004854402460828393,0.0002015950355383733,159.6583769048209,1.974133774566564
2585125000.0,0.9836580731209889,0.001826033101589718,-177.40604619839777,0.1065917765844186,0.0049315162580034575,0.0003500062228781227,158.43992399291545,1.8383630168561418
2585250000.0,0.9917753789514986,0.0028701162630964784,-177.85039995018667,0.15060469736130933,0.0052098325228639745,0.0002131421515757142,159.45837485366314,4.277641296862271
2585375000.0,0.9812408158888363,0.001960378856853241,-178.10233556916532,0.12538518912918054,0.00543100983038098,0.00031683962791118173,157.7220233140748,2.7906778732635695
2585500000.0,0.9882164086294007,0.002501894315713045,-178.08710725846822,0.09986932725274923,0.005522877718055354,0.0002348907161220519,159.33782059422163,2.5035530774304946
2585625000.0,0.9822292090536366,0.0021299820120409953,-178.1964040553354,0.1245048704463238,0.006004508259224382,0.0001930406096862337,158.35394258239327,2.0184300912990762
2585750000.0,0.990830851914235,0.0021096364175620568,-178.4671115426332,0.1533607785928386,0.006362192775106647,0.00027763071041185923,157.77488936677793,1.1064864612309928
2585875000.0,0.9841037904588643,0.0021177523204435928,-178.05094142149517,0.14483161770843853,0.006574183469917942,0.00011799168736378906,159.73149021727488,1.6442368852723537
2586000000.0,0.9938053743597035,0.0022776682721893033,-179.2634544045151,0.1299056626719455,0.0068368961910625515,0.0002722467967680023,158.5926395814497,2.415579138530163
2586125000.0,0.980158028201149,0.001915618120530747,-179.2873912567842,0.14683954813991107,0.007380201674184408,0.0002602977303416702,159.80705970858088,2.0850766831449774
2586250000.0,0.989096498055482,0.0033466980166511925,143.82115167825543,113.76138903193029,0.0077986909956917275,0.000274411267694624,158.84781015458188,1.8607647582645856
2586375000.0,0.9897857676488283,0.001505855769827728,179.674396985162,0.09186708177020314,0.008327105693054372,0.00014867280686053694,157.55308103268152,1.6742784176697485
2586500000.0,0.9769125656081085,0.0016170453736636186,-35.977631870874134,185.7785400230186,0.008810251783184217,0.00028339064449888895,157.66608633152674,2.0068193395937186
2586625000.0,0.9882771771326945,0.0020199242560501496,179.6680026805078,0.11558448129760159,0.009724749108574316,0.00021191046921314964,158.13211820892587,1.4280700855336979
2586750000.0,0.9787117491938759,0.0024159436260977572,178.2181436748293,0.13236405580782162,0.010533834060024252,0.0002690125198895654,156.70238971596305,1.5278163526579316
2586875000.0,0.9755596985887319,0.0029461839678858537,177.42610920783622,0.0988472466056143,0.011684685697675808,0.000264828098886311,157.04674240870378,0.866252483533149
2587000000.0,0.9820671092220445,0.0018903356325435468,176.41730255275368,0.16213660952234413,0.013606353643547318,0.00032866793841002676,154.2412613087223,0.83273102267963
2587125000.0,0.9737555944106742,0.0019268348894755456,176.02395757612484,0.13680691723080377,0.01598928460742694,0.00027778351764107907,154.56901743678222,0.9170215282803621
2587250000.0,0.9759097508053275,0.0025037893449984666,174.06347143703323,0.1681716281961367,0.01978764553641629,0.00027113389075559744,151.74598469698498,0.6237220179806157
2587375000.0,0.9427701425722692,0.0025461317487982743,170.6213228023149,0.21381661442198224,0.025497299188031345,0.0003864832551909003,147.47988189656056,0.7310657954517145
2587500000.0,0.8847971830017825,0.003266030362161896,165.74884149537928,0.30680666557882874,0.036355599331921264,0.0004462934588902633,137.25043066947927,0.8147116341757513
2587625000.0,0.6561388524762078,0.014915520705815408,158.45387962909794,0.21481381300832283,0.056874388964904155,0.0009856528288917671,111.42564274237968,1.5797047843282648
2587750000.0,0.489854814619674,0.02088990340125809,-154.25007423836885,1.3318478727539662,0.06603449162177093,0.0011648349549160523,57.52233224357143,2.1286591637770993
2587875000.0,0.8557046594227584,0.010193663927002094,-157.57546663009947,0.5455508612547805,0.03876801877521585,0.001674549018993652,20.46872877946052,2.8993139000210544
2588000000.0,0.9431443453648717,0.003578265679046016,-164.7827240186128,0.2873119927924669,0.02304499367673751,0.0004657983673556492,10.524163027741396,0.680930369814067
2588125000.0,0.966137126614611,0.002638590008159337,-168.71499280249634,0.09829159219000856,0.01569099583175254,0.00033632204093737085,5.163539333264903,0.9089174614096297
2588250000.0,0.9724187331944697,0.0029522846319866465,-170.70899787287632,0.2171179893163456,0.011921902613871166,0.00027902871851650623,3.540772320932379,1.3058404346406862
2588375000.0,0.9839285366022177,0.0017563623288796664,-172.99622712824734,0.1393469428453709,0.009413138784828754,0.0001629558783426357,0.2665831394696074,1.8804771289364417
2588500000.0,0.9902680369898069,0.002734866852164567,-173.43287555400218,0.11275795194928927,0.0072468090332221185,0.00034187253367702234,1.103011812398212,2.8840462476531807
2588625000.0,0.9801282103885351,0.0018636699245961868,-174.09360838655465,0.12018532121961878,0.00603245022293472,0.00019785359302475008,-0.7375916281334615,1.3141861351309807
2588750000.0,0.9843250771766096,0.0035221251483791858,-175.0797880857537,0.12456030491653815,0.004763236383589361,0.0002044056726455178,0.7365176253057529,2.140117272012891
2588875000.0,0.9781132219442241,0.0019492586184879138,-175.4672258497189,0.12293563230838109,0.004090600441873445,0.00012618840776490548,1.7946655154119895,2.707474216672757
2589000000.0,0.9866460234516081,0.0023873602622874208,-175.53672543919095,0.11948905888039893,0.00344300219016939,0.0002283524564408464,4.581633691514825,3.814769888765327
2589125000.0,0.9924374642384853,0.0021003694956373783,-175.49997694653615,0.0844964647927791,0.002712438824397712,0.0002519710205974094,5.434050346104962,6.309778847849408
2589250000.0,0.996926929047233,0.0022458401524795375,-175.60772956554925,0.15023459785771814,0.002190414503587849,0.00025285925573165273,5.926217081141825,5.247257115965613
2589375000.0,0.9750630844031252,0.0026658053419800366,-176.20998675930437,0.11688735745475576,0.0019086721247486462,0.00026161480543199136,16.400082377179594,6.051009172631836
2589500000.0,0.9922108192857546,0.0021304108924072663,-176.69104549768952,0.1683559910244155,0.0016043227901343334,0.0002279924907189666,12.60410407035856,10.859993822691857
2589625000.0,0.9921301390241618,0.002459984900762839,-177.1451853998957,0.18381664469736844,0.001287082070451534,0.00026001380702899134,15.236187932843713,9.97642457818199
2589750000.0,0.9791427301337863,0.001429391691604628,-176.99415461077717,0.11478025415167378,0.0010346290368088871,0.00021090989205331632,27.84543097724178,15.94400994190604
2589875000.0,0.9875443615990094,0.0018463005637976483,-177.83178164848195,0.12117131291176149,0.0008499358297095036,0.000291384473132267,28.508500374782724,19.395593705815692
2590000000.0,0.9839605327881936,0.002215545452760156,-177.61946554744935,0.15555123794561151,0.0007373793390472522,0.0002163504313943605,44.27109472636686,21.277303711097954
2590125000.0,0.9882421740913674,0.0023147556178460733,-177.65271201175796,0.12073614565402974,0.0006333512097310101,0.00021896580863166388,70.39733624691623,22.64140190110453
2590250000.0,0.9797130989044136,0.002418924537729453,-177.93600194257556,0.16317485817719204,0.0006657293234283103,0.0003100196326019283,97.92827934480734,21.928619862869056
2590375000.0,0.9860448992137306,0.002516757808529947,-178.8397395279833,0.13835335000322874,0.0005980107966883436,0.0002641661348004057,100.46461808491001,31.950358749908162
2590500000.0,0.982451797478725,0.0020054639758620004,-178.7907575676204,0.16463949378846396,0.0008162041767220592,0.0003286506539610144,129.13291655104044,17.386279551209807
2590625000.0,0.9744113070477045,0.0019821945497526037,-178.4228960515756,0.07702898010020971,0.0007971259020066513,0.00024045976742365343,131.2279318311197,20.392022448194005
2590750000.0,0.9921839575764825,0.001919718972180202,-179.24382851472143,0.13459949788717407,0.0009477132072429324,0.0002917329845042015,149.58936456229827,14.753762064510536
2590875000.0,0.9888785107684158,0.0023387196759650656,-179.36507026274163,0.16851358539176026,0.0010153245716342397,0.0003991601560967717,149.33117904375763,13.147441792101958
2591000000.0,0.9782460618139301,0.0017127514199019552,-179.20834077814737,0.16506045058206525,0.0011796395659836977,0.00028113333746102644,148.86522564322243,12.147788337994966
2591125000.0,0.9740772447431632,0.0021875875813835476,-178.73705283729583,0.11197176738423882,0.0012290554781665595,0.00034753835085730316,150.66500394747584,14.785946514632867
2591250000.0,0.9852983566602629,0.003159424555042734,-71.90912659354655,173.81735032951426,0.001516084161475389,0.00022135940340221568,147.8371511056214,9.30552112646495
2591375000.0,0.9705456510719007,0.0016048730487686403,-179.5960893306912,0.11291734697418197,0.0014197057841321325,0.000246736058945261,151.6274565992653,10.285862073802344
2591500000.0,0.9870124890945822,0.002242301404074601,-179.62696680482787,0.14754754535959944,0.0015807576455446146,0.0002650794275837972,155.84653690032147,6.4022307639207
2591625000.0,0.9794582833741597,0.0017915647600646744,179.74927660020657,0.11997243617974222,0.0015026990310315338,0.00020071005498821414,157.2096132586645,11.07913068498516
2591750000.0,0.9874336794620301,0.0018116001686010997,179.5008360690641,0.11732833488533717,0.0016585866210276693,0.00018883001592224133,158.15671469152986,5.064905617266341
2591875000.0,0.9915015251469126,0.002102693732824381,178.8403192195536,0.1644612548199757,0.0017584004325671993,0.0002246779623030251,157.64585097621497,10.772618912172192
2592000000.0,0.9724519517692027,0.002839046864900267,178.8200873639132,0.09501166049645687,0.0018242663022999454,0.00021925839918903128,154.71970926553143,6.35625433666026
2592125000.0,0.9840665777240969,0.0023023736269925862,178.87725399066224,0.09899121363936345,0.002005402263515035,0.00029007171114256094,155.84464143887848,9.143009074022789
2592250000.0,0.9772262355908863,0.0018434233132615743,178.733110704603,0.10673512079146225,0.0021338759073651144,0.0002718661143285904,158.42637238609444,9.987590134248348
2592375000.0,0.9842728087652758,0.001247943113379235,178.55500253468603,0.21404950228078184,0.0021574512932144812,0.00021514863459678738,162.49263033257392,7.144227549875014
2592500000.0,0.977531707720476,0.0029262912394392914,178.96076105385305,0.14186232720220648,0.002382551361244446,0.00030487357532944266,159.59662379800892,3.3161605809950534
2592625000.0,0.9785940951854043,0.0024672841062537217,178.1598837200137,0.11124177247313635,0.002204882312194187,0.00020118997352704102,159.82565322718892,4.0363969163966535
2592750000.0,0.9716078014074985,0.0012652117108893216,177.8964151943271,0.1427345329264451,0.0022973040679467515,0.0001624603885161792,162.19856453409358,6.854196797302676
2592875000.0,0.9864436816656864,0.0024437411666332464,178.18001082315018,0.142217079710565,0.002410624487981151,0.000275735543888883,163.62314022513075,4.221514378314212
2593000000.0,0.9771296007794231,0.0023750910766301,177.84430920262542,0.14717688186848452,0.0024740633977308334,0.0002636148969984422,164.08342371236097,3.51332302385587
2593125000.0,0.966766710173321,0.001486458338025663,177.74987107803923,0.11297059041426043,0.002701317604805753,0.00019033278027442315,166.17147124662088,7.531077031590353
2593250000.0,0.9813964187152983,0.0018203542023957004,176.88671352648174,0.10408393870810992,0.002569384464295704,0.00022843095938792398,166.40951030651263,6.765232034483176
2593375000.0,0.9836400123093598,0.0014302431187507257,176.85426089382634,0.14942841623633765,0.002585999982451024,0.0002184804477461333,167.33235610123035,4.029552008704541
2593500000.0,0.9670991964693642,0.003582388368811005,176.66976964031875,0.14476874623299285,0.0027324633739763274,0.0002429359635015534,166.2928421415815,5.4871314486266805
2593625000.0,0.980597191008143,0.002035796929294802,176.87296227726475,0.09259494232289149,0.002926606414137555,0.00032363526298836634,166.01968044811187,5.117701832213335
2593750000.0,0.97976157772447,0.0020141108522225286,176.37413065883715,0.14320478650140703,0.0029781762868328746,0.00025738495836768804,167.10961200105544,6.607844513557065
2593875000.0,0.9778372608499148,0.002052137477912445,176.32874211079974,0.11230928194222699,0.003002265833546453,0.00025736929411411937,164.89623962243797,4.979142219144874
2594000000.0,0.9709602837927067,0.0018166355271629132,175.58581719971738,0.06796213200060096,0.0029724461045455616,0.0002549726803993354,168.8884350044417,7.191311270739347
2594125000.0,0.9775114715642604,0.0020782953371608014,175.60821456979983,0.15868079438271632,0.0028914891534294216,0.0002364405334134437,166.26465302603208,3.605945411600339
2594250000.0,0.9785682541132885,0.0017990604263792658,176.18692669036423,0.1402256887535939,0.0031281685809911646,0.0002798142659992066,169.72542624136858,4.847096120142037
2594375000.0,0.9761207222951529,0.00284855290338702,174.91041606089752,0.1116441789512269,0.0031825622118795407,0.0003311127929240892,168.997609693892,3.6604017252591845
2594500000.0,0.9792445726732707,0.0018761305581862001,175.17403370788105,0.09495296824324671,0.0031592934706225857,0.0002591334358986602,167.83666669674562,4.842662156878028
2594625000.0,0.9685327913853838,0.0018040999411812462,174.97729547710225,0.1388876948115264,0.00323288191375512,0.0002596308941619396,169.7429792058143,3.6561249472322945
2594750000.0,0.9771582565628214,0.002325903332186941,174.4005418601901,0.10855611376868851,0.0032198379069670073,0.0002829254825680474,169.26237588931144,4.256767221867719
2594875000.0,0.9805138271765964,0.0026593179581803875,174.05254427613446,0.12125420930051589,0.003284085079797487,0.0002549144244350999,168.7886568861257,3.1049296238131343
2595000000.0,0.9904924410462007,0.001804194675934201,174.8867186653175,0.1297255262909757,0.0033832389208178397,0.00024329843322534053,166.5445308123919,4.840918058231354
2595125000.0,0.9720139754970151,0.0024452140253113865,174.34460515568787,0.16946933973760808,0.00334410816727423,0.0003272366698098424,166.68890564468597,3.7826005226899584
2595250000.0,0.9743995267818623,0.0014803437918943737,173.68872596116196,0.1788435427569889,0.003408757645447793,0.00023297206951525625,169.5631503042103,6.166339196052856
2595375000.0,0.9789444060413219,0.002284143628767472,173.69086415784176,0.14299407356887933,0.0035121352347304525,0.0001889376028160261,168.5734253697584,3.6521754203977856
2595500000.0,0.9735307926480028,0.0024216077311883257,172.78963659684362,0.09206722017877098,0.00349911215952191,0.0001758130685243657,167.95188350789496,2.4997283466449747
2595625000.0,0.9749974006179123,0.0018099374355848926,172.9178054320226,0.0923423355633397,0.003537844858940189,0.00021541168164086318,169.18672413250715,3.983743490024935
2595750000.0,0.9796610609832143,0.002373396747981703,172.6940258876864,0.13173020323268908,0.0037517045890292002,0.0002801787554858794,168.86823893600132,3.2448335597992974
2595875000.0,0.981081848342109,0.0027336467298658402,172.59620071308686,0.15168117069563627,0.0037193143586427085,0.00025613857190618245,167.6766987034029,3.225160121599615
2596000000.0,0.9839307909812964,0.0019363229997331663,172.2966715442009,0.12462643132590262,0.0035703914554236996,0.00025914263004128517,166.40132701018615,3.936203669896523
2596125000.0,0.978474454111221,0.0019799653458484386,172.30011146951523,0.10152349961417234,0.003709790098374699,0.00020375442904127546,167.07256342491357,3.70054102520238
2596250000.0,0.977232197389526,0.0012146443323047022,171.42182889987245,0.1063182309034808,0.0037312483023627164,0.0002568398876699533,168.79261051095918,2.5290174121636637
2596375000.0,0.9670267269135793,0.003083560627032173,171.4712045657723,0.090744076303077,0.003890129406870235,0.0001706649345906842,168.6146528440272,1.8493329702667047
2596500000.0,0.9815313182975126,0.003150659227021495,170.89733128902094,0.1359464069517366,0.003940016409136177,0.00015601594799027,167.87294017209751,4.237801133530463
2596625000.0,0.9778204493583943,0.0020691482584080864,170.92077890181892,0.1297771120654641,0.004012852220456989,0.0003604137948598295,167.15458806444573,3.2860460268384117
2596750000.0,0.9851956641077506,0.0019872731513684034,170.93711614712413,0.12131192375981141,0.004079887365908742,0.00023141372600776164,167.33024401899223,3.5655984177175664
2596875000.0,0.9802631496751923,0.0024916856695434597,170.28853564175267,0.1631434743887381,0.004042921087575538,0.0002864921008709875,167.90707165506112,4.896386981341341
2597000000.0,0.979441483863384,0.002306807753784524,170.1168955952703,0.16202902240544323,0.004286747464565975,0.0002422858776575588,168.03327885149102,3.345424533148315
2597125000.0,0.9725228524126711,0.002938019548149011,169.24045703440035,0.12118042627564815,0.00422263228164417,0.0002340990858436729,167.53638545029557,3.8616226148172115
2597250000.0,0.9754230111308971,0.0028227861911612633,169.2694982464482,0.06782034513325601,0.004105746031904363,0.00017202107778125915,165.663710760182,2.5978932177635494
2597375000.0,0.97498179031069,0.0036582707594860664,169.37915451418058,0.1178692904465995,0.004315602979854325,0.0001628702412238294,167.64179778504865,2.891678478417712
2597500000.0,0.9792525609824222,0.0026433019644642995,168.69689025081274,0.12811307469523983,0.004553875022198467,0.0002224901303167754,165.91713813989776,2.9127028673224618
2597625000.0,0.9820352924944546,0.0021998328855535767,167.6126178572119,0.12036016672174586,0.004412034751361356,0.00024749415214176724,165.38953652358418,2.559925659908765
2597750000.0,0.9847823460796622,0.0016598170488235737,167.37135901997266,0.13524683826854955,0.004525685679353314,0.00031923219755383947,165.940832915498,3.236691034475614
2597875000.0,0.9865166986125761,0.0027632358614192343,167.7808955362878,0.13982942607296409,0.004781609318223867,0.00016097083959436303,166.26947255299177,2.6744296918320343
2598000000.0,0.9679654498466922,0.0016674663636530409,166.89875320807135,0.10333433153076195,0.0047715442459224265,0.00017751655726026502,162.92354451678224,3.68411456372645
2598125000.0,0.9852390985320284,0.0017726750601603127,166.6798720039167,0.12316547913844711,0.0048741658291872976,0.0001509705712299062,163.4119493709985,2.421730329525563
2598250000.0,0.9787079889980759,0.0028756184108905676,165.99737810612433,0.14228098179228751,0.00478357885809308,0.00017784733423849871,161.14170758681175,3.580007789476359
2598375000.0,0.9760974776946633,0.001314517773358326,166.1179396506692,0.16537039352239505,0.0050147630142018075,0.0002277630137169409,163.34053817735898,3.074983042674778
2598500000.0,0.9837566693944417,0.0016297103961876033,165.0250630782216,0.12654590764356455,0.005330516765755499,0.00023913725689689186,161.4984318103849,2.2289190401932606
2598625000.0,0.9752238860826561,0.0020808886218568307,164.09939016111264,0.1512882029896476,0.005417475787413082,0.0002189015024859218,161.12725182097674,2.4804752224138245
2598750000.0,0.9712515161366264,0.002065625440506263,163.8963903327165,0.12636197193296322,0.005436048470904778,0.0002594889876837501,161.40437739148646,1.4893431963115158
2598875000.0,0.9766360234355692,0.002773531433945053,163.98678274197124,0.11837156748047076,0.005762339104884054,0.00022085917856951392,161.58706529769452,1.0707989378294844
2599000000.0,0.9839554197673092,0.0021615537078411434,162.1011240865929,0.09307814557839426,0.0059007435541927064,0.00021662301189681395,158.16165977813418,3.2702756152752137
2599125000.0,0.9644875927621327,0.0025071592135157946,162.08240758485596,0.1749747611312393,0.00590407444257731,0.0002917904985383604,158.72026411028406,1.5787815972561097
2599250000.0,0.9607901508948047,0.0021855409745359586,161.33761149647205,0.12787900980452882,0.006134384718521974,0.00031262371690776936,157.23842565614757,1.6985541944056304
2599375000.0,0.9659036667253852,0.0020193326065388387,160.15413401797608,0.16743623745928152,0.006527335848551994,0.0003075680317778717,157.24286917786768,1.537467596113821
2599500000.0,0.9614231876428483,0.0028960102011135547,159.12210581529783,0.1715870324783891,0.00681163989931922,0.00028072332755592333,156.49045261206504,1.4199693085987433
2599625000.0,0.9679379835011769,0.0016867672196055818,157.91790565734445,0.14452036071887947,0.006929061310639658,0.0002144100192324054,153.51178419807317,1.7309208432570795
2599750000.0,0.9501867924743017,0.0018831342465141093,156.5443171724827,0.15295849761248648,0.007140118670004079,0.0002662949366803453,153.41717827444612,1.8277159637825178
2599875000.0,0.9550609004012349,0.001298472388080942,155.37137391470887,0.13553409574684894,0.007758672422556829,0.0003069219189311946,153.17828346648727,1.3949247279470587
2600000000.0,0.9540492679709702,0.0030639820434361117,154.10852799895036,0.18269759186746834,0.008161887224214586,0.00024050526874570472,151.11916255360887,1.1253478094289482
2600125000.0,0.9352432458541526,0.001764713212575566,152.16714439889384,0.13499293390654032,0.008667959291581548,0.00028936501379236675,149.3472277762722,1.9040915446326214
2600250000.0,0.9410149085852209,0.0030541341185870816,150.13202210169635,0.10491560076878674,0.00946595468004907,0.0003337449276426354,147.92744111852647,1.4530933877978238
2600375000.0,0.9250819715996881,0.002923747433890552,147.0865965488477,0.13604423677838967,0.010190337990612171,0.0003055326191055919,145.658361992892,1.585961054220748
2600500000.0,0.909061614590075,0.001193858987073309,143.77367813959088,0.1167643572611434,0.010962070775281564,0.0001630510147614537,140.86595299834008,1.362031987318301
2600625000.0,0.8855678985279388,0.002031972003276356,139.46676355127707,0.2287033607424357,0.012240927438071557,0.0001613820074497383,137.7477346024268,1.2246793186685854
2600750000.0,0.8435195402955775,0.002844745507580555,133.41854591046064,0.16834631308723363,0.013607766601381376,0.00033708844102404154,132.1089420211048,1.3361108274333058
2600875000.0,0.7882206436320709,0.0014785778273136284,125.03331578280563,0.18878525781852404,0.015666946866034634,0.00019344489960164115,126.07533770994876,0.5530839426581042
2601000000.0,0.6825110462777337,0.0021679079836543543,112.86308209569535,0.29099429297576634,0.01815250636025901,0.00030224526095349485,115.85077697016126,1.1978877329198205
2601125000.0,0.4970749391832803,0.004123863362012761,93.25700785466587,0.5237569153865868,0.020913700358996926,0.00016467175195356194,101.34253846454753,0.5184729639218614
2601250000.0,0.23086888365169836,0.005771990094782724,50.42516626310601,1.2824590590316136,0.022684046220553786,0.00029787977786123167,82.6230401215346,0.6769894032313515
2601375000.0,0.23784028318686912,0.004833892686116784,-75.60044450581088,1.362622004262241,0.021545049121983656,0.0002965118844997168,60.71030783560384,0.7703401615225219
2601500000.0,0.5195674556746321,0.004368504804472841,-118.24294811539842,0.558996870382044,0.01834982715950945,0.00013796982449210091,40.58364979292539,0.9212649859795541
2601625000.0,0.7020400380131285,0.0037015712742793833,-139.75935144348276,0.22268518827823017,0.013957669646957738,0.0003352999232381849,25.896078495148487,0.8341920389544191
2601750000.0,0.7976570113123888,0.0015368933395041307,-152.3358809676246,0.24159306730715746,0.010701500721097369,0.00017317119479843778,15.295382851533002,1.5570512956019016
2601875000.0,0.8493052673033852,0.0026543423327797543,-160.1366631219853,0.1335997851918084,0.008155114529847178,0.00023731531965793563,9.663936851995198,1.5573106530181091
2602000000.0,0.8929928962659279,0.002394401600204553,-166.61597584699047,0.1957652533646301,0.006401126909603803,0.00025495324196261925,3.53134864373174,2.242656579086551
2602125000.0,0.920613787856282,0.002275634027402021,-170.82244806432993,0.16015894895411936,0.004986986648408753,0.0002492830823543989,-1.378735338811972,3.1795648421025335
2602250000.0,0.9323723749089046,0.0020404211372357837,-174.30959040537675,0.11910352950501098,0.0037763024418512037,0.0002619371306294469,-1.794931394714533,3.2478873737447933
2602375000.0,0.9376691999398867,0.0020914021733420534,-177.34010078608023,0.15364066048188568,0.0030899082667292547,0.0002380710067515119,-5.242384381453806,4.571938577512414
2602500000.0,0.9491616310319267,0.0020358804561911438,-179.49353476287692,0.20498513894077838,0.002307624131881337,0.00025760448382059896,-8.667667181449442,6.350635161798437
2602625000.0,0.9549982855903045,0.0017986283445623932,178.32897874059012,0.1452839955775182,0.0017339144946201084,0.00024151850521158524,-8.903225155473232,7.909026557326492
2602750000.0,0.9535892649101705,0.002556397183792111,176.04034938864234,0.1546189276904021,0.0010819127253379054,0.00018689818360124912,-12.307557764847076,17.258230393316833
2602875000.0,0.9571086988033068,0.0023145529105342284,174.88288258971383,0.16282105569880365,0.0007152340736289559,0.00024940789380202886,-4.1573827316774095,24.463709073786905
2603000000.0,0.9558126569685436,0.0028734860577999204,173.00604025261205,0.14738666419313529,0.00038428340538431777,0.00015653527910898784,-0.5767868941868588,51.17280914977367
2603125000.0,0.9637358617671434,0.0024377194004139248,171.8740156165293,0.1648905298226215,0.00048658923240115295,0.0002376214709388562,42.5552187942152,122.97876632380485
2603250000.0,0.9602807983415543,0.002261871036828554,170.35504556674863,0.13740743793423582,0.0006585272250600247,0.0003433497897930844,55.60513525165822,142.71869954205496
2603375000.0,0.9702426863157526,0.001313800357327436,169.3048957002161,0.13593254200734298,0.0009034949178393495,0.00020189695796796,148.94133905382958,15.42721397398806
2603500000.0,0.970578839994918,0.0012414066057421813,168.454629636502,0.1165456254328595,0.0011939321472240532,0.00022936259706124364,160.86494886470993,11.266340903123627
2603625000.0,0.9744091984049614,0.0027798395094229167,166.86509190103075,0.06723053246017904,0.0015412067665871397,0.00022375496400266914,150.0452074783808,10.301884272800791
2603750000.0,0.9812771919657008,0.001858783071335429,165.69546847768535,0.07588918673348011,0.0017855239611698835,0.0002200088285283633,152.2929078759372,6.9049909877840125
2603875000.0,0.9669892034619547,0.00281310885292168,164.57215691071542,0.18418003726747273,0.0019340673130627214,0.00020230331717021333,151.53787196246498,5.888163820692069
2604000000.0,0.9733118759401572,0.0022941433362037343,163.26739275522556,0.22504332482083056,0.002147859451375716,0.0002553398852543185,155.04644177407616,6.6548182860161145
2604125000.0,0.9676188258287335,0.002839971289023573,162.70206055386296,0.14877378669795388,0.002601470321740398,0.00020890803656784006,150.04447611208363,7.258832827689434
2604250000.0,0.9672331991645488,0.001914362023426701,161.64151441139632,0.20448121703488525,0.0026275210794593643,0.00028253862824347784,151.07255941437737,3.6121969916951806
2604375000.0,0.9715901570471204,0.0015612012856236854,160.36385331695382,0.17325164065115853,0.0031087541189456073,0.00022646692218741593,150.84596779318272,4.229662853978534
2604500000.0,0.9768592968736681,0.002488939173869382,159.59234625602616,0.10518653120917139,0.0033598237593028546,0.00032692783750447795,149.92205428206773,3.0645428397926584
2604625000.0,0.9630076407738221,0.0019044878765296079,157.8783583761907,0.11305358035767374,0.003556130003973875,0.0002375330950693912,148.79781136239723,2.754399116665873
2604750000.0,0.9695747498483103,0.0011240118507941227,156.96932029695915,0.07932227071357362,0.0036864867654102028,0.000284401178452811,150.7809595140485,3.1486019256386633
2604875000.0,0.9698873918594709,0.0026182815913818693,156.25002293794077,0.1274181776615111,0.00389790609806869,0.00033405616899856335,149.02497005775683,2.1396648687662916
2605000000.0,0.9689514310721794,0.0024515630808987455,154.41542675416423,0.07897121348305053,0.0042297617953824425,0.0002577157988413857,148.12718694211893,3.3392223560992296
2605125000.0,0.9621046750299139,0.0020705266679356044,153.2946142366352,0.20418192854612638,0.004496562537532654,0.00027477363268016696,147.25327570338868,2.9978280722843285
2605250000.0,0.9730960840132471,0.0012137591023686494,152.0592051958462,0.11867243764581074,0.004809647426459517,0.00034567746970842983,145.95337743081427,3.2105688112211155
2605375000.0,0.9719494721607665,0.0022056921832252574,151.23797405462523,0.09835845224628992,0.005125280621157727,0.00025170845120524337,145.96837982427868,2.484490821462316
2605500000.0,0.9635955471360375,0.0022551313089473855,149.28552397228083,0.16396575957497236,0.005529553729356582,0.0003173681522767907,144.40842163866338,2.638803136441647
2605625000.0,0.9655413926107868,0.0019159351724641407,147.67379201738842,0.11780021376286454,0.00580180471253625,0.00018544868808044113,144.83126989027565,3.5785116372574
2605750000.0,0.9694379464491587,0.0020379643615050444,145.74651514123073,0.1102786111546464,0.006109216077787567,0.00026615021888771155,142.0417178410894,1.756505378137409
2605875000.0,0.966378425248563,0.0016736958455680947,144.64727584625692,0.05820322688262506,0.006494358525117314,0.0002091117036338205,142.40944482604772,1.8989939879062865
2606000000.0,0.964344532080926,0.0013221008279015512,142.53524699479715,0.10283246797942414,0.006844902640086755,0.00028590311241274985,141.0803283514405,2.1298941851643436
2606125000.0,0.972522374766284,0.001461378087284762,141.00176322185644,0.08183044530469356,0.007324509296590375,0.0002611763876437185,140.24345529581373,1.6927830464388791
2606250000.0,0.9644650892864586,0.0022068111293281627,138.9323316807683,0.2084488246692676,0.00769753330308297,0.00023584067791200837,139.07691711213772,1.5501598842522917
2606375000.0,0.9600172471010759,0.0025116427334789743,137.12841738787878,0.12302230523005091,0.008255964045484088,0.00015401948199471804,138.95773183844253,1.2095587361542086
2606500000.0,0.9593669788974653,0.0018492216798593544,134.32700588393374,0.10857083626314419,0.0086172613240079,0.00023302030792865438,136.56110996574137,1.9783215654206163
2606625000.0,0.9526248588947974,0.0015942396180859218,132.19518916806135,0.10596085593576647,0.009108204900748328,0.00022881165458248917,135.90703086256988,1.7682689188191443
2606750000.0,0.9532469993920891,0.001963558942156946,128.80054987442358,0.09120222617681638,0.009737022771009999,0.00034162524043831175,134.18062205276772,1.3762256754139366
2606875000.0,0.9529697905200636,0.0013002956276693598,126.35284834804767,0.10705835725157531,0.010341777744603852,0.0002836276841131224,132.51671647102054,1.0928192057193298
2607000000.0,0.9567830343673249,0.0016284898717153814,121.88306990091407,0.16822253961185837,0.01097937064966809,0.00018666810390265067,129.39657033192816,1.4294341294760116
2607125000.0,0.9342623078302698,0.0015776093923319998,119.0021476902728,0.10303199851439063,0.011455607820226832,0.00026956997545804387,129.42797286037398,1.0297840702974366
2607250000.0,0.9391681378299298,0.0020377821173541166,114.77443328100134,0.12318375816019175,0.012264432295210783,0.00015848007309967444,126.92261702291798,1.4118012634195394
2607375000.0,0.9367635405358454,0.0027544588350196537,110.57884060007034,0.1047062699056662,0.013211591897651706,0.00023740002654376027,124.56941759605053,1.2385463324776889
2607500000.0,0.9257588779785901,0.0023589674329401993,104.85084216863916,0.11678026787637372,0.0141358496562798,0.00021718225387961883,122.18729294572475,1.4859391889053088
2607625000.0,0.9230967283914204,0.001998069495414708,99.23455199050706,0.138322308283574,0.01495220464843424,0.00032689482962403163,119.53637558977314,0.9155382137402268
2607750000.0,0.9214534638817071,0.0017634590859839346,93.05924319431865,0.1437348783325084,0.015954461732768786,0.00016762129719705748,117.29328031200102,0.6769549064172953
2607875000.0,0.912928635850617,0.0018537599095510779,86.49189049268925,0.1182566206542704,0.016750170578825222,0.00024586701207092465,113.70056582481732,0.8566826489953427
2608000000.0,0.9167108908804853,0.002201886272002199,77.67137417218008,0.13916972019226884,0.0181489230576573,0.00020252507252273616,110.07728344035887,0.7799230773612561
2608125000.0,0.8941641942559916,0.0027411248212436687,68.72472055085687,0.11920850011400336,0.019061999076714412,0.00017955488332519002,104.618184849704,0.9449637464841765
2608250000.0,0.8890796306222254,0.0015879943898971006,58.78649609794191,0.20660751329991128,0.02029974833686767,0.00022236259508077872,101.34656365052727,0.7716914606702339
2608375000.0,0.8753331257908461,0.002617074420632643,47.5271000252603,0.16731721152186324,0.021005668726006874,0.00018504482476258514,95.92388023886583,0.7094968073773466
2608500000.0,0.8819036406582718,0.002132455639769073,35.597258086175216,0.17895543776864326,0.02209959638488385,0.00015751636774609894,90.93330533321245,0.5629827479533439
2608625000.0,0.8712759658871023,0.0018844583497318822,22.448747832080027,0.09850113018150515,0.022569730721283283,0.0002330240306049311,84.84181508188554,0.3058548235896822
2608750000.0,0.8684135796082676,0.002592834135381025,8.726031519092086,0.1405922885921455,0.02293068847075152,0.00021450074250733107,78.84874987136656,0.5813271899825839
2608875000.0,0.8699179817818141,0.0025884482002779545,-4.967854974784365,0.08335590499173556,0.02290599819392648,0.0001632008422006804,71.97178493269787,0.6645923091240962
2609000000.0,0.8772396029721252,0.0017923801524290762,-18.948178279063807,0.14295571305789107,0.023084990878998825,0.00023514577517092812,65.6021121765034,0.34931786222621397
2609125000.0,0.883446378244701,0.0017443993347548094,-32.305830571579854,0.16039474551822916,0.02244189824409941,0.00013190480992500805,59.457325829264875,0.4314723881112897
2609250000.0,0.8969809003035712,0.001722582929013049,-45.027236676262056,0.17368830633347943,0.021951795824160174,0.00013465391723082852,54.19383286435965,0.7585108288388115
2609375000.0,0.89542815551691,0.0018655793075993128,-55.99996334397295,0.19935406471067288,0.02108338322258728,0.0001591255416886031,48.63163521176095,0.6424043828921796
2609500000.0,0.9089801691541449,0.0019212541948609837,-66.58173136320175,0.11633705027949659,0.019982616512921596,0.0002495610885041027,44.05204043897899,0.8053945072159432
2609625000.0,0.9245388943424414,0.0018372329894047203,-75.64964902436269,0.10316138364817441,0.019109797137662025,0.0002544388779436604,39.088866542676875,0.5823937117419463
2609750000.0,0.9432026069365779,0.0022753670113034702,-84.56980209172907,0.0982538967437618,0.018256108950559374,0.00024598221943016735,35.60490433060266,0.876081632194182
2609875000.0,0.9434267907655907,0.0029531580583974093,-91.78145074553599,0.13252108262250492,0.016853291769767666,0.00035249357190228025,32.16401712722288,0.9400016746818513
2610000000.0,0.946864984288657,0.002917767612408168,-98.66359172296951,0.10887050732919572,0.016091997947207615,0.00018131443433156165,28.86795629877668,1.0072334126317384
2610125000.0,0.9546207651074596,0.0028284075802690084,-105.53995827975889,0.12452790796268258,0.015515087140610184,0.00027602790521764637,26.89425417444876,0.8973464510810535
2610250000.0,0.9300895890245242,0.0014758715777546535,-108.4483925543528,0.12703446227214865,0.013946543825550314,0.0002244527262465373,25.307028078617638,1.02726724950398
2610375000.0,0.9509377196171016,0.0026147100127328145,-114.27967570607372,0.11660122258746901,0.01345684086596402,0.0002987837468277719,22.809704004816695,0.7341733539799076
2610500000.0,0.9462887363146917,0.00334310972712121,-118.53370558554937,0.15070415513709995,0.012556763782145534,0.0002693474430691049,20.525001243439426,1.0870073237824187
2610625000.0,0.9667670476628031,0.0023962465088896044,-121.5925355554983,0.13342286576720333,0.011969367505688017,0.0003235300810823753,18.555646996227573,1.31660188586909
2610750000.0,0.9618218864590753,0.0022872772769272267,-126.89242973419297,0.20659600233255787,0.011429121982771863,0.00032042870218813667,16.398659422867063,1.051317753288796
2610875000.0,0.9615395694792911,0.002205529229112968,-128.8947355060841,0.12758963183990235,0.010711094842846026,0.00031681294899352843,16.17779139485157,1.1689023215861845
2611000000.0,0.9667955386818248,0.001692411091393077,-131.56070535890714,0.09134181241917011,0.010387932763228434,0.00017291270283080742,14.037659473891678,1.1982646534556145
2611125000.0,0.9747033747211522,0.002042057067289574,-134.5791540287913,0.12164536710018034,0.009912810637886873,0.00018009830920455802,13.227068181046349,1.5251831762175896
2611250000.0,0.9661254978056422,0.0021468765982648997,-138.32854616186452,0.13889263781616545,0.009158324985583602,0.00013067790647904596,11.931213559451733,2.0094231900574724
2611375000.0,0.9723386681005561,0.0025640401504291757,-139.47344599423857,0.131555051109136,0.008747032652379874,0.00022772110427555882,12.075491197679169,1.5364662385211938
2611500000.0,0.9657477384205365,0.0016144250283849216,-142.14044682446877,0.19375857396162455,0.008383004440829846,0.0001990510239761666,10.953410744946723,1.011557092707842
2611625000.0,0.961543708369064,0.002491445640242712,-143.77107860589948,0.18293673017204137,0.008221026619104255,0.0002608549689903873,10.507747562145832,1.6012580329880552
2611750000.0,0.9831676627284058,0.002652201848478892,-144.53937371465668,0.10409890875868488,0.007587512986550101,0.0002470972917732487,8.228195218063533,2.2579889511668987
2611875000.0,0.9699971226432405,0.0024878767621089363,-146.85099681776748,0.192560278138144,0.0074148327667518995,0.00026340127845091686,8.322262213615454,1.9109099420050613
2612000000.0,0.9677850733331763,0.001951705709927935,-149.35584994969653,0.12164487111126646,0.0072021678599819535,0.00022544062462121918,7.569869021580422,1.3835819675019252
2612125000.0,0.9782723968564625,0.0022909204913424104,-149.84530989647808,0.1566277740579521,0.006899558934035812,0.00016531004578418404,6.635699836142354,2.6771372666647753
2612250000.0,0.9715438210500374,0.002163122978740346,-151.88729184596556,0.08812867356412443,0.006457419389676217,0.0002085986690734415,6.067724381648379,2.8050913029205735
2612375000.0,0.9970257407366486,0.002474148917986272,-153.26255719104367,0.21334499069644616,0.0061871018329841725,0.00015258965728670077,5.604036419684343,2.5603393862239936
2612500000.0,0.9800533296399077,0.0023713220139933476,-154.53405805069605,0.11435039968663907,0.006021731344926649,0.000174500457418926,5.737521181526024,2.5339668271211004
2612625000.0,0.9821388243951501,0.001854865776575606,-155.946946056838,0.14190275937670047,0.005732368556981671,0.0003127382050168365,4.383780906844874,2.461494750567714
2612750000.0,0.9792313139283227,0.0031421058619989736,-155.7137609345998,0.184593658417601,0.005488122262263832,0.00034443762563155574,5.918918831205293,2.274890624883016
2612875000.0,0.9724304503190245,0.0022687311374337948,-158.6783835709551,0.1335658859259391,0.005200669531802456,0.0002575119421965884,4.677097077930388,2.8127685231627453
2613000000.0,0.9757150409419022,0.0019444798028209521,-158.25993621272872,0.1578500952001971,0.004798605987809292,0.00017529462675620858,5.071221228955474,2.853941816274384
2613125000.0,0.9903660112103331,0.0014699388410002777,-158.96524122522595,0.14966003269041434,0.004898198393745698,0.00019364635472497615,3.9047711957181064,2.332133961871173
2613250000.0,0.9737874137279989,0.0034209264428644182,-160.58393800615153,0.08080363682421234,0.004698410074188751,0.00031062158651095625,3.743759129992453,3.147014770486505
2613375000.0,0.9798392724786921,0.0023425938144257634,-162.16318405357305,0.0925202565765015,0.004335733649634235,0.00027665394804516263,2.659281035092348,2.921424418242318
2613500000.0,0.9772799356352637,0.0012685098973015275,-161.97935979426498,0.13064436296834755,0.0042320886068978325,0.00026682747053049773,5.623583179643396,3.496247892251087
2613625000.0,0.9739831126218509,0.002187095807152269,-163.65631956855097,0.1464246589688436,0.0041542784435471625,0.00038845815225335137,2.364901281963586,4.126771738245168
2613750000.0,0.9841954273020843,0.0025838080035779963,-163.9942952168907,0.15148990868598017,0.004083896511834427,0.0001466914721217501,2.854901658193196,3.484034160880033
2613875000.0,0.981639586600238,0.0025577093345517782,-165.2590655086947,0.1322556072553122,0.003767185340087733,0.00020670906544762398,1.3445762686214109,3.5428546477342944
2614000000.0,0.984397979557121,0.0011638574787494096,-165.06636178724938,0.09499946967837594,0.003590779556225717,0.00031498727943539884,1.2095092135192365,4.149661323702392
2614125000.0,0.9840773331939086,0.002063503234781189,-166.7964902559943,0.15051709362152713,0.0034102248392986426,0.0002487782537783007,3.3545765148293376,4.752888385864434
2614250000.0,0.9733336357939093,0.0015007939839892352,-166.92508920218413,0.06904879117033835,0.0032198366011364876,0.00024870728341049736,0.05165185400684843,3.499513797322576
2614375000.0,0.9810134052677663,0.0020186075480627236,-167.8593206687446,0.11526928186487008,0.0030718782710505237,0.00013834338234482065,-1.097378690451442,4.360036350029235
2614500000.0,0.9878810679332432,0.0021430107997891705,-168.9303232813636,0.1689782110053293,0.0030489161336038208,0.00029488646008013416,-2.219398252857782,3.4687695899338387
2614625000.0,0.979708093647243,0.002734166779296974,-169.2617431614372,0.09726006198325675,0.002975085633370924,0.00024619285495318816,0.9297656580856519,3.965032706421324
2614750000.0,0.9926138426578813,0.0019164999853133868,-169.7461191195417,0.14754355625339438,0.0027072311209529773,0.00023294271966667676,2.2236155442063645,4.136460319721511
2614875000.0,0.9978003927312149,0.0013826114416185301,-170.29197767315202,0.1053118204526665,0.002655660178556475,0.00014261901045753257,2.29869629308444,5.120126492337588
2615000000.0,0.9924571061329344,0.001640143006979409,-170.76981398391348,0.088889332728815,0.002556689996493934,0.00024157664899574584,-1.8805751688317753,5.70039637028674
2615125000.0,0.9890237355122693,0.002798485778916743,-170.42487387279417,0.15473983180194203,0.0022573289926270763,0.0002879457130239761,-3.0634750755198743,5.182324650198652
2615250000.0,0.9885346875542597,0.0017898973023039156,-172.29439136645706,0.11547855055057339,0.0023393473083031103,0.0003283162274767032,-4.004689680244931,6.392995692258504
2615375000.0,0.9883002187344926,0.0027629780006797416,-172.65023158732387,0.1346306131481621,0.00232827013985948,0.00029075111581927947,-2.7575500705476967,6.478546555791182
2615500000.0,0.9963881944920644,0.002332452806974157,-172.8240282811564,0.10049171338579285,0.0021558069968944703,0.00016006376382376333,-0.2911018762339632,7.511430865008547
2615625000.0,1.0037844264780034,0.0019749806449603563,-173.6463904964352,0.18277695151731196,0.0022505741804730297,0.0002495077254300768,-0.38677426377899915,5.743386287874222
2615750000.0,0.9810982396026329,0.0021546604192799012,-174.41681317788576,0.12369998724267421,0.0020175830577941873,0.0002347321147931019,-5.026127342055215,4.573374811095337
2615875000.0,0.9989627116316718,0.0023435562049975004,-174.56379225477826,0.16884592721538497,0.001976706323395564,0.000265703417065161,-4.157136144229171,6.838586809916433
2616000000.0,0.9987749298898307,0.002053271596592717,-175.53914712729218,0.11244597001342146,0.0019430192851136098,0.0003939751418117497,-5.6430862398146155,10.068507341528337
2616125000.0,0.9993573663472466,0.0016905132252702348,-175.44630413608795,0.17676047618072926,0.0017600566458282328,0.00028010049185256473,-1.654794770037442,4.794606918407955
2616250000.0,0.9995312442594083,0.0023566765118474653,-176.3101383843549,0.12287788283840233,0.0018382482630219681,0.0002940677516563891,-6.169867079276541,9.124137039112274
2616375000.0,0.9884058794652477,0.002277724849644851,-176.44298598753366,0.09854824405866769,0.0014929528448423212,0.00021087359751752462,-6.403134658734276,10.850484328659753
2616500000.0,0.9855755567040045,0.0024531984445033514,-177.1711230705779,0.09872921299938177,0.0016454514664191154,0.0002221912898427397,-7.346511657496585,9.422785026945766
2616625000.0,0.9980634329276198,0.002418692150199219,-177.32949531800438,0.14250272372858291,0.0015129315163517113,0.0003455172777899657,-5.475286675806896,10.257202498718371
2616750000.0,0.9965696941910283,0.002820650633674164,-178.00285719608326,0.08805309584375559,0.001515625887499472,0.00025438666414802656,-6.288093923846945,11.597686931365157
2616875000.0,0.9842626014408381,0.00165442357528939,-178.50022780617297,0.09755059097866849,0.0013024174018614605,0.00019967330771824955,-7.264389045650937,10.085970068449694
2617000000.0,0.9910557474693165,0.0025186734974851923,-179.1745861317184,0.1646975161459504,0.0013021775257439246,0.00014980176693039319,-6.782134197843632,6.670224233751986
2617125000.0,0.9859861748857579,0.0018943491890577985,-143.87715864217964,113.72502270560761,0.001125830737180673,0.00018287642722923365,-9.59703499093335,12.546372025402885
2617250000.0,0.994153267961949,0.0022227234474658,179.147347847057,0.17317445525045275,0.0010136271957427085,0.0003019341364797174,-14.893608468481881,16.66171582376175
2617375000.0,0.9905121413310823,0.001996317730031137,36.02045176403489,185.7463999525418,0.0010166753417747624,0.00016965005843306042,-5.624653187610743,15.404082101129294
2617500000.0,1.002328143891662,0.002707034878520463,178.74375693352198,0.10226219543873698,0.0009141291313238621,0.00019650696413078052,-8.712361383443156,13.193301666037923
2617625000.0,0.9806484512994295,0.0020020566950341274,178.20084578392493,0.15646119934578143,0.0008745878220047154,0.00020880156757230583,-5.6922494540181905,19.29849026997501
2617750000.0,0.9901678709521587,0.003471580039391482,177.2995201494848,0.13965061621314717,0.0009047097892759737,0.00025827490175017834,-13.691785678806689,15.886112921265493
2617875000.0,0.9861610171085711,0.0019379818472776403,176.75915553171149,0.08144717229807426,0.000789198970116758,0.0003438899342309595,-14.29679291818223,23.187923197492758
2618000000.0,0.9917377043242431,0.0027823070813585075,176.4670693164057,0.12245374115319688,0.0007334543419789282,0.00018021021370808206,-9.834669542206202,21.182919736842916
2618125000.0,0.9842048228958326,0.002207088095288837,175.91532502796775,0.149955118694736,0.0006589745044597139,0.00025773609130255005,-11.519892293461057,35.19334246188549
2618250000.0,0.9937328491339973,0.0024404944966649076,175.26610874211104,0.08537496764174553,0.0006137418730339101,0.00034080068741330156,-22.13740512761862,38.56688504365024
2618375000.0,0.990501725275324,0.002815803528817177,174.95686833880478,0.10286588765018269,0.00041378863463845046,0.00022484581317922436,-9.206135376613425,46.43897546033302
2618500000.0,0.980760029022753,0.0022667377187853394,174.05915199273193,0.14516160886722498,0.00047536127115383766,0.0002696203914023538,-14.931184548033125,40.89778894211949
2618625000.0,0.9841938933142886,0.001982879700442231,174.15921255134634,0.12408948356710915,0.0004174169766840948,0.0002634944412687493,38.77524757343478,78.94388125558825
2618750000.0,0.9810178922103028,0.0018641561818917454,172.30058136514032,0.1405791948213577,0.00039233926004183167,0.00022515201328511208,23.50604802708129,44.26270912586083
2618875000.0,0.9800318449039076,0.0024317983046857426,172.82529917517803,0.1840376896590419,0.00038762475727880947,0.00019750030744342497,30.96064397806667,69.11475834069587
2619000000.0,0.9824510898679085,0.0027699403714911202,171.75223816090002,0.14701170030695573,0.0003895148318235467,0.000195528234880225,16.210453267340966,101.31072349471415
2619125000.0,0.9792861621471955,0.0021707222026613746,170.7843733250499,0.10199960830614116,0.00028270889372999176,0.0001867397907613858,31.0342670557806,64.43515658013803
2619250000.0,0.9721745024795291,0.001797579207488054,170.4121062353705,0.14456786263673851,0.0002660921276870145,0.00013096393920187803,0.9591452099515235,130.6509565072466
2619375000.0,0.967179457350887,0.0021756123132778307,169.40259231648102,0.07190629061966945,0.0003636250826411554,0.00015709559209142314,60.58101087845267,89.96308782670745
2619500000.0,0.9786842073028377,0.0023057578301236537,168.40449468597572,0.10481683643047862,0.00046200429582284264,0.0002353934268505243,118.70271322806464,43.63710357976364
2619625000.0,0.9695507882004012,0.0020098822960664467,167.79816796247795,0.15281835453036302,0.0003918475808092109,0.0001433072443623604,99.41903817490561,96.67021977661683
2619750000.0,0.9664432297188053,0.0011071278939737209,167.14615342984303,0.16322573318375602,0.000454079352497799,0.00027733815574501125,57.62644610705247,111.86179742330356
2619875000.0,0.961622827517729,0.002026768548443961,165.96900649232708,0.16987800193663855,0.0005521839051286122,0.00015676549610054813,103.0620453375936,94.71514510198293
2620000000.0,0.9610046213453634,0.0012270880689837366,165.07616324489985,0.15049575614873434,0.0006295757832860572,0.000305716989632238,110.96693517341072,103.58034618142916
2620125000.0,0.9607743748873527,0.0018962126366795634,164.39369320496306,0.15186886516953063,0.0007185998987439094,0.00020747673521606728,133.0825307549758,15.19473215921655
2620250000.0,0.9595077531518864,0.0020756044771948765,163.0069364012543,0.15663321587294052,0.0006790365436151406,0.000124115057289624,156.34574730236926,15.738029337239722
2620375000.0,0.9534534450841993,0.0022606620107535605,162.8384556070764,0.1423980548744312,0.0009058943945289223,0.00020973039277457858,152.16296957906732,16.602162324359764
2620500000.0,0.94613544002835,0.002265709311478857,161.63404301039233,0.16540025079288248,0.0009662595288503426,0.00028557564887082544,142.25844918944114,12.721742494028156
2620625000.0,0.9507246168466914,0.00238514010262488,160.37615143617765,0.19580288034340038,0.0010986801710399497,0.0002767218513972777,142.62518650210967,18.75056993006167
2620750000.0,0.9520516137028081,0.0014527944384293394,159.31496184666733,0.1689904676711288,0.001131971659121991,0.0002309071120781285,140.5751119525481,8.02785275006687
2620875000.0,0.9529065307070573,0.0017097561733908188,157.80806448318415,0.10565806730811664,0.00132075462639965,0.0003066935359277493,142.13233111774326,8.807888390829504
2621000000.0,0.9329277045725018,0.0020002803481231164,156.70547903069155,0.12601028803474792,0.0015000497085806343,0.00010110350336150601,144.8625113987421,7.067526404704462
2621125000.0,0.9281660158863151,0.002742908737276423,155.5041612201183,0.14483069920783354,0.0016439191797568411,0.0003339198479810072,141.36937121690178,6.795385228868805
2621250000.0,0.9349935918319401,0.0022187119942613897,154.7758076077471,0.1344855847530244,0.0016542190725960977,0.00023700824190229353,143.4743753301859,5.659283955284474
2621375000.0,0.9315425662453255,0.0017493348145023802,152.85761414049733,0.11240692383251472,0.002051967737587784,0.00030990227392185013,143.13783223475488,5.039681039888073
2621500000.0,0.9364041462141406,0.0011855623478774233,150.90725640955804,0.15777605078593787,0.00199077600713001,0.0001943935978125017,142.1142978331202,5.1028090368913785
2621625000.0,0.9314889670705936,0.0025430570429068166,149.30569540971578,0.1355913454624663,0.0021474362885297656,0.00024137824481200196,137.98301270034526,5.315987454250175
2621750000.0,0.9324421211423982,0.0017936028555628387,147.64428421941528,0.1481131826461458,0.002325714332933948,0.00024613443568906177,141.19502815895083,6.8378097335182355
2621875000.0,0.9195709824497289,0.002211016607645003,145.69295333857258,0.12811873562403336,0.002653605229459847,0.00016099453175774263,140.64522828727414,6.680356513019833
2622000000.0,0.9194544060378239,0.002501292888654786,144.05449791176713,0.14122515938997546,0.0027065105388177006,0.0002556352203653775,138.34431769918035,5.547597628212645
2622125000.0,0.914920211601572,0.0018118352916300406,141.77991284425468,0.12725379593843578,0.002881872485945642,0.00016305908833221864,137.20827267551408,5.75667307420009
2622250000.0,0.9158171790160876,0.0019110135790524985,139.34400263692308,0.16298044078852636,0.003169891599966706,0.00017385163027296296,134.5770966265716,5.135492708246457
2622375000.0,0.916949672631426,0.0023006904436868696,137.0744519813944,0.20815379430975225,0.0033182487826180205,0.0002296326413976719,135.11380566756918,3.5088756182565777
2622500000.0,0.9076898605431899,0.0019424616133032165,134.5634145671669,0.17544499174788855,0.0037331340426980273,0.0001616026418529187,132.4956239699458,3.238024715546626
2622625000.0,0.9056650230011069,0.0026243334243248474,131.67774567951022,0.1886718094382278,0.004001423295793983,0.0003074793613333561,131.7528275865783,4.073336682326009
2622750000.0,0.8968612204414314,0.0016355812109004634,128.24780686415545,0.11168981390103333,0.004148979153700506,0.000202997426274899,130.86193575012507,3.6587690465905602
2622875000.0,0.8939092271270236,0.001235707957551586,125.00766236898819,0.11982071960343837,0.004475553811604667,0.00012501440894768654,129.1120353614819,3.593856699945587
2623000000.0,0.8892684215150503,0.0022772881546412457,121.52530913615885,0.21114006135084465,0.0049614178086912555,0.0002114684267495176,127.07671123432354,3.0636760683157354
2623125000.0,0.8781156576879496,0.0009613670628894638,117.13605312847,0.16834809149324748,0.0051245137514442825,0.00016163551580611517,125.87393518392533,2.652249428262744
2623250000.0,0.8739831262079683,0.0027281963870110938,112.99439295223497,0.14643355025614124,0.005484432413184179,0.0002446807104591622,123.02864011220112,1.9327043428526607
2623375000.0,0.8612387339461031,0.0020871925088825098,107.79156255702154,0.11720301072394845,0.006100754031335743,0.00030926358412558595,120.67103300125616,2.521943848727934
2623500000.0,0.8407024891003813,0.0017850476426719303,102.53480362663471,0.30412223031438684,0.006348873752601458,0.0002946742043929618,117.18839457223308,3.012844133203726
2623625000.0,0.8303046345644974,0.002227917662247028,96.61562872349828,0.23003152903877663,0.006611390240247895,0.00029368402609480774,116.72359213987603,1.8056181780406608
2623750000.0,0.8292913106223242,0.002533463853873049,90.35030205466603,0.22130964118864901,0.007080406303124251,0.0003147852149012957,112.85905656180658,2.3366893435521328
2623875000.0,0.8132558683257788,0.002535000663013129,82.56939654074874,0.2116022699191564,0.007658598873263988,0.00011487624841495812,109.68552194395356,2.1895489759082287
2624000000.0,0.7929900163493715,0.002312260759817208,74.64877256721644,0.203876149745458,0.008093237920464399,0.00022250975380505678,106.33221355333026,1.796335158645624
2624125000.0,0.7800617544572127,0.0020696267698104057,65.0413358210796,0.26833381740249385,0.008312712656000192,0.00022889596757456212,101.55679890746451,1.7926032776589713
2624250000.0,0.7634126232936224,0.0012368818907334746,54.85049500651305,0.36205791048440067,0.008815442223889122,0.0002615894280106338,97.29155645201641,1.5810481068805178
2624375000.0,0.7546334333327351,0.0021459921956407647,44.48373456737089,0.2765041730119066,0.009351951774198102,0.0003299984796897945,92.33575273464633,0.9268886245671247
2624500000.0,0.7437838599426567,0.0019847262003648606,32.9401609301076,0.2617381898602492,0.009594612012278332,0.0001874801372778968,87.09211601182189,1.0842296758151366
2624625000.0,0.7357741335477764,0.002085842283090042,20.75424790350735,0.1973693672260115,0.009885139568086444,0.0001877049051924611,82.29094285762835,1.2772708016777006
2624750000.0,0.7367237329220516,0.002827058789123139,8.095263222419769,0.24087909838972585,0.010061921497666224,0.0002034228469562203,77.26206004215393,1.112222093039599
2624875000.0,0.7367972791284112,0.0024242936416579842,-4.236843516860394,0.31483368060298883,0.010147553841351804,0.00019712689523628392,71.26157474591051,1.9405063537711162
2625000000.0,0.7371918139864347,0.0024746679507037742,-16.7975808872293,0.2254410939108528,0.010254622554224813,0.00019548149400409204,66.95458147489089,1.341551461004381
2625125000.0,0.7560309630711096,0.0020444047990673102,-28.689941810120196,0.24560937248343165,0.00992348313937727,0.00014925777191030938,61.112679234278126,1.43216058015141
2625250000.0,0.7681139454648117,0.002177145016369727,-40.35596941176996,0.27054647384053004,0.009870322538861645,0.0001493179914856798,56.630552869028165,1.0489921215217102
2625375000.0,0.778380536286827,0.002306804789384127,-50.483958989917724,0.21565540161861213,0.009563033164310545,0.00031257396870277047,52.819217279937455,1.20322878101256
2625500000.0,0.8023860647340239,0.002075152479782385,-60.08173008800922,0.2008263440393669,0.00946345638987156,0.00026185909031993293,45.914919707047694,1.2186581267673005
2625625000.0,0.8103244838503155,0.0018487984677741142,-67.60805583048699,0.19411305754628655,0.0089148899495289,0.0003060921939156019,43.47991712668513,0.6610148527256897
2625750000.0,0.8420334917039107,0.0021707053670411733,-76.179141068274,0.18825651585049433,0.008819968202065943,0.0002920827475611375,39.771569358453405,1.1805537270990032
2625875000.0,0.8337024095155698,0.0018716590086684192,-82.2432987769094,0.18995562929094123,0.008199244468700823,0.00026348461462836516,36.01094189644573,1.5747779345363597
2626000000.0,0.8658171167684225,0.002280718467835546,-88.04134784603579,0.14851548293236216,0.00798262987286299,0.0002841616549549214,33.80842285060917,1.5251003478459275
2626125000.0,0.8580741431551235,0.0024364060892139053,-94.80164469778674,0.18736867295181295,0.007654713138088192,0.00027995826979856155,31.290208118344545,1.4380935647568627
2626250000.0,0.878934605598246,0.0023100223801271517,-99.03383628764176,0.20326335619581923,0.007525755616651439,0.00031195443478179366,27.49685758835428,1.6309896373508592
2626375000.0,0.9005744336041802,0.0024626986258832408,-104.27542161097362,0.2236295937493676,0.00730648315156446,0.0002902890840163338,25.342718351186488,2.088912481718218
2626500000.0,0.9071795412444754,0.003559887194638076,-108.63940447577977,0.16446654753423876,0.006943125072270362,0.00023152948273623124,23.301643697555477,1.6409771840518732
2626625000.0,0.9126244313132221,0.002366416825979448,-113.0594558855621,0.14259135742105417,0.006736331310985866,0.00019981760898642645,21.061880594395724,1.9016069625067502
2626750000.0,0.927160983924636,0.0021586473256805455,-115.38196928574023,0.131967955005397,0.006383472302034995,0.00021331027519499616,19.728388920141178,2.6905348459527807
2626875000.0,0.9274938025275911,0.0026812523634023857,-118.95196265499544,0.2479280260219007,0.00594928153661117,0.00020899144598812396,17.217976600981796,1.7419892754515827
2627000000.0,0.9579304720411,0.001844536579535109,-120.41411402276557,0.10958756756317455,0.005983409811562631,0.000267468176255219,16.5050074716262,2.3253208616976053
2627125000.0,0.9436174401089062,0.0016919802209727538,-123.47040828107359,0.12597698064380988,0.005580328716544675,0.00015720093931272493,13.032166473208502,2.5170277906990632
2627250000.0,0.9275932678114918,0.0022182089313104226,-126.12124829228854,0.10887110489410243,0.005507096816098322,0.0002818248332651982,12.970731372500918,2.980712463224348
2627375000.0,0.9456077336035628,0.0023867767777053404,-128.66259832766457,0.11720433326978985,0.005214697598704665,0.00025467075259001095,11.533570187518247,1.6863044888001104
2627500000.0,0.9607282454023142,0.0023559739078998702,-130.79383216034682,0.13051793527790462,0.005096523494050224,0.00033404472315328994,9.127090022762472,1.7317760039120609
2627625000.0,0.9536016073836023,0.0019650417064793445,-133.31351070089514,0.17939252632035144,0.005044051133554131,0.00030610102739709797,9.53118559347845,3.2525386464167907
2627750000.0,0.9811966477057624,0.0026374826506686956,-134.89477719896055,0.14784889545396368,0.0049573881567164454,0.0002347862103941775,5.38913852222495,3.9167393356197007
2627875000.0,0.9667068165542569,0.0017626073946565965,-135.77463692334857,0.14522666603368414,0.004576118362664461,0.00025932989428517725,6.871823036595115,2.1643591749723337
2628000000.0,0.9705338028721219,0.0009893759082388906,-137.30194993217611,0.10083933195380292,0.004568309839017329,0.00015805614055754844,3.6821044652165007,2.2925706399588286
2628125000.0,0.9819274090876355,0.0021111244553766147,-138.79788443593205,0.172708042623906,0.004511624494297986,0.0001587399858145143,4.856061408699508,3.287323842807514
2628250000.0,0.9707500438165855,0.0012748565515398396,-140.3090608265591,0.060699059899955804,0.004199282391312187,0.0002643332930206282,1.912433565089623,2.8268929557187197
2628375000.0,0.9774218230804796,0.0012310271514800542,-141.00985369643433,0.11853613257510927,0.004358054855793648,0.0002683219875408456,3.204066581022008,2.378330343504021
2628500000.0,0.9904631581614695,0.0031274583813412924,-141.12553117073264,0.08417415737575952,0.0041448773501741865,0.00034138996505073815,0.5798660445944231,2.9782235473394123
2628625000.0,0.9677632704290864,0.0016938233167929754,-143.61828728821607,0.07238174647171992,0.003974964310440535,0.00022348561252130496,1.3214358722142507,3.7265539636076115
2628750000.0,0.991557857891848,0.002588915730193788,-144.5940423256333,0.10758575615584286,0.003966939164298305,0.00018137939566622487,1.4430442715859,4.345588939988968
2628875000.0,0.9892139101822202,0.001968674769421791,-145.11721706324875,0.0916828339655042,0.0037214082033242527,0.00018146109788297088,1.1069917196440069,3.2315263116558772
2629000000.0,0.9837994154873685,0.0024732618870993506,-146.55014842185435,0.10807398683534865,0.0038337767962739115,0.0002821194986522375,-3.290556614438261,3.359390029501102
2629125000.0,0.9870500874782128,0.0022252054733172258,-148.21954137094707,0.11493515902068142,0.003712211498714987,0.0003509966454569215,-2.17333253370627,4.349551527184245
2629250000.0,0.9733822191888878,0.00236159717450562,-148.50791266522353,0.19009775597283923,0.0036350308773030514,0.0002819147526035696,-4.130601000184151,3.418999484113121
2629375000.0,0.992277607275951,0.002565526562045549,-148.72144605129944,0.10955957582810927,0.003693408025673741,0.00029694286921379574,-5.940473908516033,5.292139940347623
2629500000.0,0.9794790058682477,0.0018273741506743904,-150.15070452352532,0.11688307673110902,0.0036008648179882904,0.00019073215227995028,-5.078539249072833,4.774100487541825
2629625000.0,0.9880487472294148,0.002234321814528014,-151.00478256246583,0.09469711508634161,0.0035013431569236573,0.00012500350193480212,-6.1292087695591535,2.5254345807905634
2629750000.0,0.9979365520163863,0.002583433599018562,-151.0955954805801,0.17244660663153452,0.003276802369908626,0.00025693074326083,-9.06410346558233,4.642050493391854
2629875000.0,0.9904967957931982,0.0020257621443068538,-152.15759222114121,0.11697991612564623,0.003410780889222864,0.0002712300083059289,-9.952879217500788,6.9000841804395
2630000000.0,0.9769794901548532,0.001945601124755278,-153.02444068060117,0.1110670433231598,0.0032248079009260296,0.00030817040749018854,-8.90470437629771,5.003730934845399
2630125000.0,0.9920018102488826,0.0024484600935503415,-154.37068148884973,0.16891177735898497,0.0032214189320308073,0.0002443195042021013,-9.717865197460616,4.419055787883448
2630250000.0,0.9899435744765648,0.0015999362995743698,-153.6950357752287,0.1499757839838447,0.003158473624709843,0.00028470649723042173,-7.07876666348301,4.663505969034536
2630375000.0,0.9912294002374411,0.0018430632379084035,-155.14995986177956,0.12466535366499792,0.0032984537594660337,0.0001864104865908806,-9.17787927376996,4.123451027113134
2630500000.0,0.9891590939020317,0.0027187820568871732,-155.23928530636874,0.14367605443891657,0.0032154833319074164,0.00020339591668187533,-10.009623049708164,7.372282057509807
2630625000.0,0.9929334870005965,0.002426666362077653,-155.7656277539669,0.14170503920870986,0.003098071269924768,0.0004080719217261811,-6.932971569412421,6.160112227909415
2630750000.0,0.9941478504715962,0.0023397886679893953,-155.99756373593124,0.16428073074043736,0.0030057599563498324,0.00030993991792481923,-8.611293044184855,5.997056632696546
2630875000.0,0.9929363752058991,0.00273209343717356,-158.1337860711038,0.13737669845224207,0.002976215294288264,0.00029720676310002187,-12.50723678978823,5.703244396705821
2631000000.0,0.9807278404762578,0.00215152647260603,-157.33285274602906,0.16708558528942655,0.0029860399847713086,0.00030604049442462986,-11.83542493401228,6.520465733200745
2631125000.0,0.9722390933449104,0.0022112959285925365,-157.71866496143724,0.15575760288075688,0.0030065335808966377,0.00020068353182950942,-10.924734085236457,3.149970610834905
2631250000.0,0.9934605965574628,0.0023894129782374264,-158.36102203201577,0.14186786245427252,0.0030258906567941545,0.0002127974611334196,-13.479293958243565,5.675703883594688
2631375000.0,0.9831048343663205,0.0019530464414918073,-159.31906564324458,0.12263237778259675,0.0030348892275117024,0.00025521011630258694,-10.766575205272197,6.201116982446423
2631500000.0,0.984411596933932,0.0022239700740559793,-158.0859993579717,0.13693514160424441,0.0030169102297351777,0.00022438638836736014,-13.074516956838659,3.569544829393976
2631625000.0,0.9818658241810371,0.0024598186082987346,-160.01986529237388,0.12227755938399684,0.0027726895522132526,0.00020050244296342695,-12.306319100246842,5.281771547153406
2631750000.0,0.9891048781308204,0.001603918928332511,-159.7605499461682,0.09975915014524767,0.0028436456597541503,0.00026102745213600685,-14.685111422388994,6.634476336410116
2631875000.0,0.9891359633285335,0.0022267919209523444,-160.87986628628013,0.16695492871001036,0.00266708024097869,0.00018557197498309493,-13.274555305192413,5.274489721029048
2632000000.0,0.9792013465974994,0.0018041637944105691,-160.86686069611227,0.17890160498498894,0.002753058191206992,0.00029517898330800045,-13.939645069781745,3.685272357564795
2632125000.0,0.9707683281987689,0.0020606712154507775,-161.23931735035077,0.14798031457441413,0.002721571483075625,0.0003022403517193222,-15.307357187307344,3.527606525550047
2632250000.0,0.9723169936634128,0.0016404783006446892,-161.79423484939707,0.14649591968237186,0.002644345627887063,0.00027394794562110873,-15.18463772826847,4.292346314326977
2632375000.0,0.9787808605325207,0.0019392919466205973,-162.04989077346562,0.08087435337597185,0.002699548142010404,0.00018529076827155058,-10.958056999296778,5.795338496668858
2632500000.0,0.9803904744223862,0.0029210492627263457,-162.18625238420552,0.14795517452180773,0.002631122155796537,0.0002098292914268813,-14.648201334846371,6.056876122818983
2632625000.0,0.9847997895788906,0.0019281343107954716,-162.6742355732308,0.12446588283436981,0.00262254872340346,0.00031024501738545593,-15.777652053639354,6.717065644939771
2632750000.0,0.9898734220438503,0.0019499631066861756,-163.54061358004432,0.18743072375057881,0.002529944691294122,0.0002174736724585508,-15.981023276835922,9.693936401882857
2632875000.0,0.9735310865425928,0.0029955022712415268,-164.19825963491547,0.15200177290950043,0.002606436165245594,0.0002053747097471125,-16.09044552313209,4.779256989310365
2633000000.0,0.9730468665723375,0.0014023665197225325,-163.81198071121622,0.15278946881849453,0.002697879011694904,0.00033771135591589315,-11.500982757896505,5.6680428822021245
2633125000.0,0.986915061702924,0.0023478648118690193,-164.4155879914856,0.17279701614297516,0.002546931071465209,0.00014846817427750767,-14.11805293408987,5.40569415940268
2633250000.0,0.9697431679165616,0.0015802588519541064,-164.23602343398375,0.08908095885885424,0.0024292375472055668,0.00023389074194813411,-12.720035999953863,6.137000045144163
2633375000.0,0.9846801247259493,0.0014583408261624093,-164.81041226924862,0.11782468382542015,0.0025846680802166506,0.0003312913677437523,-13.228809763592011,3.7603803617323033
2633500000.0,0.9781273143102076,0.0027892568375176754,-165.05019597823113,0.14375146533797675,0.002526524493138017,0.00014533947940249575,-16.27413199790219,5.165498970350433
2633625000.0,0.9867169012919695,0.0031998921594575637,-165.86704903538748,0.12689701055172403,0.0025855942403677293,0.00017513911192158717,-12.885841699877624,4.7166972028492475
2633750000.0,0.9779449249185822,0.0018122200293906043,-166.15715973229135,0.15845620712816536,0.0023988689579235805,0.000294034854992187,-12.687298267629423,4.768837960406449
2633875000.0,0.9833805420469895,0.0028101659265403235,-166.52260482841814,0.12513293712090542,0.0022698478194264175,0.00027811754429780977,-15.547301684853563,4.7696719030183425
2634000000.0,0.9902813514399922,0.002607030618464503,-167.16218500467232,0.154925874899039,0.002397686531643441,0.00026079919627483334,-13.651940352381592,3.5691228412907314
2634125000.0,0.9638696527631261,0.0023162442591828647,-167.00240349057134,0.13440370554879136,0.0024627503879992908,0.00034183497361258265,-12.956926520445288,5.130576976437723
2634250000.0,0.9822453004646685,0.0024759467146035,-167.029261016821,0.16807341286933733,0.0023220472865281444,0.00024326847125056756,-12.6746562730699,5.717280512479485
2634375000.0,0.9739254471841483,0.001262660052115757,-166.9669970407872,0.1333109190359718,0.0022171543818115423,0.0002080150584670798,-11.227497442392524,10.151641991530985
2634500000.0,0.9756905545790352,0.0023215297927417157,-167.50751131053383,0.13798696640227803,0.0023459758858243827,0.00025434898975220077,-9.500481486640643,6.90983505031833
2634625000.0,0.9852435126986355,0.0016865683401485975,-168.47140732006233,0.107801982115157,0.0021910576522923965,0.00020449519051425727,-13.613899578024387,3.7814129842005055
2634750000.0,0.9830285937285181,0.002768036738062524,-168.49397645372323,0.1389192616890725,0.0023188252251961153,0.0002978680245964838,-14.584356579473287,6.973920953134385
2634875000.0,0.9826074978477262,0.002634944144292332,-169.2849422842773,0.10958436525691569,0.0022760354639179674,0.0001731130021737748,-11.14312827535728,5.967357521470705
2635000000.0,0.9888435223665334,0.002299890797127338,-169.37506524598018,0.12125995548683759,0.002280319908567551,0.00020032436265804649,-10.413556612115048,8.210622624058276
2635125000.0,0.978361563555261,0.0020395862619228197,-169.3335761200145,0.07139663340275806,0.00232941437997416,0.00023518892815466264,-9.086684243451037,5.281879842249708
2635250000.0,0.9766109754490606,0.001999348412421688,-169.54434173527207,0.1564219387236583,0.002280905568614855,0.00024915878638884936,-13.076242178584247,6.291724118410395
2635375000.0,0.9890284018900739,0.0012442990212365378,-169.32432325617373,0.09000221705725939,0.0020568648135898954,0.00033774240814465537,-9.573810292580669,5.24948202512424
2635500000.0,0.9886146325093583,0.002519005546328337,-168.84126982318327,0.09069240237087536,0.0021167081026850763,0.0002636111303989583,-7.8603848088460655,5.238925492431583
2635625000.0,0.9768572535720471,0.0020610744535920597,-170.1276635309095,0.11222224230022308,0.0021198603471935104,0.00027138588116545697,-5.901915407300084,5.595655246495601
2635750000.0,0.9864188904791978,0.0027530310881785703,-170.48161942601172,0.16545279657755796,0.002049403351461283,0.000207889841016009,-3.945333510402329,8.442251163866725
2635875000.0,0.9876093688558524,0.002479810886200398,-170.45116881233545,0.12118135994500517,0.001952417053643546,0.0002659731231465271,-5.751713805245359,6.752839891655895
2636000000.0,0.980776151173723,0.0014796937415537126,-171.34328534485704,0.13971275985559073,0.001990053470847224,0.00023546595622417037,-8.723412655142347,6.736115470648814
2636125000.0,0.9651415603300969,0.0020952662622205904,-171.70979107756304,0.10439019031392925,0.0021100781161634673,0.00018971265105189103,-8.927893902828265,7.782768924009123
2636250000.0,0.9936187547934217,0.00199516378358909,-171.42801705152615,0.12027173899086348,0.0020116300697561526,0.000273615426997212,-4.676464999062849,7.902518081101689
2636375000.0,0.9897883164467556,0.0017407444155875841,-171.57571951513972,0.11163678153296973,0.0020320342372243867,0.00013339808213460157,-8.38712503960293,7.991889836898938
2636500000.0,0.998348717686107,0.0026218809512262367,-172.0022132156906,0.13134216371837776,0.001831835191784953,0.00022457832496426195,-8.419878483623675,9.338933958958116
2636625000.0,0.984766895495095,0.0007396486230149193,-171.77665949761914,0.16413791973636163,0.0018245634635437984,0.0003245887950202735,-1.9371681528030722,5.383980237671651
2636750000.0,0.9863032658714984,0.0030678226262735556,-171.9982196585655,0.10418693259393413,0.0018014491426776842,0.0003304275523846363,-5.061017791216093,6.210135544353841
2636875000.0,0.9864308698001554,0.00195654755718598,-172.89227485748685,0.11057437803441798,0.0017552178494012673,0.0003087250290240179,-9.426060558464128,4.148794128789844
2637000000.0,0.9923167836412693,0.0018576581374481751,-172.27687135736318,0.16512989844950074,0.0018801971934791868,0.00022008475155387662,-6.169031660462854,6.523009378685615
2637125000.0,0.9802424383546278,0.0027118514326995033,-173.16790707334957,0.06558664868511245,0.001796776738003276,0.0001544699815500309,-2.2499338277826855,7.697485143349541
2637250000.0,0.9969866979599796,0.0013489665154833327,-172.87671358290615,0.15153759461879932,0.0017778230200662729,0.00025442068221031276,-3.845388590077183,9.588089721454118
2637375000.0,0.9811098805546008,0.002268796376243542,-172.93033472198343,0.08329358443083826,0.001581108679035035,0.00025989288066864317,-1.4200475893597988,10.677036937896721
2637500000.0,0.9931843464184885,0.00209157928631144,-173.08799571720002,0.11014372697334718,0.0017710443970383825,0.0002065473291180338,1.0236357056710137,6.300197558423956
2637625000.0,0.9918290861930099,0.002281496135674852,-173.33514955827582,0.13870152778682973,0.0016738806836945474,0.00025469817988738166,-2.9685029830705316,4.221127520971285
2637750000.0,0.9937798084564589,0.0021364373921077683,-173.45256081120047,0.2054565343655665,0.0015988477299466875,0.0001977297055656272,0.3584863733976588,9.320087060799914
2637875000.0,0.9890876568773691,0.003251225948485457,-173.96225955828405,0.1284729731229177,0.0016099347449357968,0.00018380120180685244,-1.6648215445276837,8.526194984425658
2638000000.0,0.9826033635026881,0.0019405198292683434,-174.03556988634247,0.1372021407029394,0.0015297999284508736,0.00030034554350374986,-3.914612658037585,8.361694129205988
2638125000.0,0.999432335710999,0.0012265002889259584,-173.95219655143927,0.1895631681691465,0.0015120138735462024,0.00020362833868698988,-6.411114553506602,10.19356796620008
2638250000.0,0.996928623241252,0.0032739139934958132,-173.93792582409858,0.0998424554468021,0.001701089523954906,0.00021753288995429517,-1.1213001445119704,4.766546554282423
2638375000.0,0.9898066696967133,0.0021609930431825265,-174.47396880464962,0.11221552362464668,0.0014736300273482633,0.00023269955857293848,-3.3413436353163144,10.924401942372983
2638500000.0,0.9980154094387959,0.003265553443270021,-173.56937609818056,0.16761206457363925,0.0015736283764211263,0.00027934009668646465,1.8365256626349382,7.234151140019215
2638625000.0,0.9860104821942929,0.0024440896121706935,-174.175898126078,0.14568250701650404,0.001492083484177962,0.00025786864023950813,1.4160856872214933,7.573079211027976
2638750000.0,0.9885107503382548,0.0028105701656812323,-174.5936205131502,0.14829288972914448,0.0013915694866004189,0.00027376047501088995,0.6206270029268842,12.520853648439976
2638875000.0,0.9977252029265996,0.002235634527032475,-174.75278798881078,0.11361035535643865,0.0015190109907715385,0.00016890529038897655,3.3995039977619133,10.248317930227579
2639000000.0,0.9811816267866085,0.0022767129223172943,-174.85701983810674,0.12958793072262628,0.0014941303425259256,0.00019094038563399637,3.155849231485678,7.30628630345765
2639125000.0,0.9832828704495651,0.0026878661893574504,-176.002366960038,0.128567047617989,0.001474376702707712,0.0002304518672786834,5.023080337929102,7.050053446764805
2639250000.0,0.9900166122972256,0.0034157436869665264,-175.87170686107197,0.14040838117119175,0.0014335556406067545,0.00021053619158342647,5.3307648122241496,9.406756746807586
2639375000.0,0.9919798740520678,0.0028100369799262176,-175.33139711418136,0.08481220365977783,0.0013107440032939816,0.00018776229571581353,1.3757729712804627,12.470477300641052
2639500000.0,0.985595387861864,0.0017537689172269003,-175.8962282454385,0.14503449155916562,0.0013430713499750543,0.00020372537041177946,7.500252931355374,13.563634095198882
2639625000.0,0.9883538703310784,0.003021458479725701,-176.198082866514,0.14617519139448365,0.001357955920842828,0.00023275352400280579,3.2742532924069465,9.450821535667146
2639750000.0,0.9903269870930906,0.0022128107541178337,-175.78910020983344,0.1481846496228278,0.0012048287527876113,0.0002561862516096416,4.458018338976454,15.448581830748067
2639875000.0,0.9806182528632609,0.002177744229674656,-176.3764392507376,0.19535430907213236,0.0012475756198362595,0.0002197877364599065,2.0544099921280434,5.251836811215717
2640000000.0,0.9828447883713389,0.0015380250956210006,-176.27526478174028,0.10139724715540105,0.0012031664200668451,0.0002003474509887148,5.545389402182363,9.660801640866765
