Step_Count,Position,Resonance_f0_GHz
1,0.003890886,1.899053
2,0.004368325,1.898805
3,0.004845956,1.898543
4,0.005325316,1.898248
5,0.00584155,1.897930
6,0.006313377,1.897580
7,0.006796535,1.897200
8,0.0073093540000000005,1.896783
9,0.007818251,1.896327
10,0.008318524,1.895845
10,0.007967814,1.896290
9,0.007540692000000001,1.896672
8,0.007116837000000001,1.897032
7,0.006696229000000001,1.897358
6,0.00630438,1.897670
5,0.005889745,1.897950
4,0.005470761,1.898215
3,0.005086917000000001,1.898455
2,0.004707884000000001,1.898680
1,0.004296544,1.898885
